1000
83 88 33
5 77 3
41 97 68
59 89 41
18 75 3
16 43 68
61 11 30
2 100 54
33 70 76
13 15 75
41 20 71
45 58 69
8 64 34
59 60 85
2 9 3
13 35 36
2 93 86
16 86 48
22 2 57
90 67 82
21 88 44
86 92 88
63 90 6
84 18 41
98 87 25
87 5 14
21 89 97
96 31 25
34 72 48
42 93 63
31 43 35
55 77 36
73 29 39
26 20 90
84 48 1
86 54 55
57 53 73
15 14 85
56 80 4
69 77 100
93 21 57
95 82 27
41 58 27
1 23 28
81 79 13
68 6 13
53 46 81
4 79 33
70 72 24
13 98 74
87 21 91
16 11 38
23 76 96
19 23 85
69 11 77
35 43 32
79 26 26
22 42 25
4 95 82
22 64 65
52 36 12
13 17 1
23 100 5
13 46 10
92 31 9
16 53 10
33 24 78
68 47 78
2 98 62
63 75 34
79 100 64
73 94 45
47 52 75
3 96 47
100 87 47
1 23 57
24 98 37
8 87 8
19 54 59
91 96 80
32 68 96
97 18 34
72 53 57
74 35 78
14 46 40
58 90 100
96 67 6
10 22 55
49 32 95
80 46 30
8 7 32
7 21 17
56 87 92
68 88 23
35 16 42
99 41 62
45 38 11
44 19 7
62 17 11
75 69 6
65 88 97
97 82 93
53 77 48
91 83 54
25 76 48
87 78 17
43 19 26
91 35 47
36 67 58
49 22 17
78 3 72
24 26 19
30 74 67
96 46 9
42 12 84
59 83 100
4 42 74
16 66 96
13 64 55
100 31 11
73 44 1
61 56 2
38 18 74
97 81 53
44 35 57
90 14 81
98 22 42
47 1 94
75 52 73
13 66 1
49 86 5
42 58 87
2 67 55
16 96 54
7 33 36
41 85 26
54 8 62
45 19 56
5 5 86
59 82 94
17 75 28
41 98 74
51 26 61
9 100 8
66 96 69
84 58 8
77 46 98
94 54 91
100 6 31
2 96 76
29 21 13
23 70 19
75 37 68
34 59 57
35 57 4
100 90 10
60 24 94
48 69 67
54 84 77
38 3 52
52 33 14
3 38 18
1 73 59
30 29 57
28 81 52
20 71 63
37 26 33
57 48 78
81 64 70
73 6 68
27 86 68
11 30 40
83 41 63
61 71 58
97 87 65
42 63 85
14 72 37
42 93 80
47 2 34
86 89 75
97 16 13
97 37 34
62 48 83
25 47 39
83 45 78
32 67 10
67 89 59
75 9 23
40 5 31
52 68 7
74 86 76
38 86 11
62 67 78
10 33 56
59 75 32
85 96 27
84 32 46
80 25 64
31 47 82
48 38 28
82 20 52
91 25 16
46 100 80
11 97 8
36 4 21
65 19 26
60 52 78
47 53 21
49 79 11
55 58 79
16 35 59
45 83 96
3 66 73
88 76 98
0 34 29
27 5 38
87 22 56
15 70 53
100 91 95
33 44 96
41 54 55
14 65 87
55 65 61
66 16 67
11 78 3
23 5 33
18 75 8
82 89 7
35 87 31
20 46 23
100 39 9
19 32 19
11 73 54
24 1 68
66 25 14
85 68 41
44 71 96
94 24 53
39 94 64
88 98 52
0 71 40
78 13 34
38 2 57
0 33 60
85 86 56
64 81 11
39 72 57
50 82 26
54 83 44
98 23 27
38 31 43
71 59 9
82 65 54
6 90 18
19 59 93
34 85 73
34 98 65
76 7 28
48 39 20
57 28 81
87 20 40
52 91 16
51 22 21
98 38 32
12 55 55
31 83 25
32 74 85
6 74 32
28 2 36
21 99 3
35 45 55
44 33 42
78 23 25
61 95 87
67 73 45
17 52 13
77 41 62
20 73 83
67 83 21
4 99 54
32 71 93
15 48 19
2 35 88
42 33 8
4 8 40
12 8 16
84 1 80
25 43 2
86 75 33
75 2 67
75 76 37
39 62 18
91 61 19
87 93 35
59 72 79
47 66 68
43 48 99
60 29 94
57 71 100
98 85 64
0 32 79
94 73 33
5 97 10
41 35 64
96 23 79
54 7 5
26 54 1
67 19 16
28 96 15
49 18 95
34 72 75
64 82 82
15 87 67
52 39 2
81 38 43
98 4 46
63 47 47
28 46 55
96 80 66
55 82 52
65 83 43
58 12 24
8 20 80
22 97 31
42 67 86
100 70 91
30 44 90
35 72 76
48 100 7
40 31 94
85 2 99
79 48 79
92 33 47
50 65 61
58 20 9
60 87 90
78 12 41
15 73 20
35 22 38
32 15 55
91 47 20
3 83 27
51 76 26
38 27 52
16 88 96
31 40 41
9 3 8
74 9 58
85 93 63
52 27 39
24 81 77
79 6 20
42 67 14
55 4 97
84 95 42
51 46 69
68 85 59
90 77 46
4 84 60
77 89 85
82 97 70
70 42 40
76 41 73
38 10 22
93 62 100
79 29 41
90 48 65
29 21 89
16 97 9
8 44 91
61 29 41
95 24 55
90 93 62
67 67 62
75 55 81
95 59 36
39 39 55
17 8 18
76 77 73
20 24 95
100 98 41
30 60 84
57 26 71
81 13 32
91 77 63
8 88 1
67 56 15
50 78 61
21 53 4
88 55 34
14 84 31
63 93 100
13 64 42
49 73 97
77 65 16
85 12 5
45 61 96
77 91 2
93 28 75
13 21 19
11 10 80
75 18 15
7 83 47
1 94 5
93 73 82
16 5 23
47 32 85
54 86 32
49 2 81
10 28 72
74 73 98
27 81 7
82 77 39
71 35 27
26 7 46
85 85 71
11 72 92
99 92 73
4 47 1
28 9 52
84 90 1
34 44 71
88 98 54
82 32 14
38 91 22
3 40 45
74 35 91
25 12 74
3 53 40
23 89 93
29 81 85
97 76 47
33 12 86
47 27 8
35 73 75
93 54 6
61 85 22
10 38 38
57 66 7
2 64 93
66 19 66
86 25 64
46 54 18
9 72 95
46 60 37
56 84 29
34 21 80
49 78 52
94 41 86
48 48 69
100 6 94
4 45 66
24 84 57
93 94 28
28 43 83
31 9 91
18 28 91
70 57 74
50 22 39
20 2 14
14 12 58
13 78 5
21 61 42
77 89 75
74 13 7
87 37 36
54 47 14
13 62 69
22 88 73
80 5 56
84 53 47
43 44 59
80 78 67
91 54 60
5 21 40
53 3 4
77 76 20
40 9 35
71 81 41
93 81 97
99 26 64
86 98 75
100 27 67
64 70 73
82 42 37
8 47 90
0 27 62
100 84 72
20 41 6
93 26 48
88 17 98
35 29 87
85 85 34
59 75 48
11 92 53
43 86 20
45 70 62
15 72 4
1 45 6
34 26 6
57 38 52
35 97 48
33 56 65
25 63 58
24 66 29
27 63 72
100 89 96
37 65 24
85 73 70
93 73 87
36 12 28
8 100 13
12 100 82
33 36 11
36 32 85
50 58 100
16 46 80
29 35 24
19 77 96
18 66 28
55 48 15
25 40 82
87 81 48
47 71 80
23 1 19
2 59 23
77 23 24
67 53 15
82 87 30
83 77 98
34 9 32
40 32 40
97 7 12
13 55 55
28 100 1
24 57 38
52 69 42
49 37 81
3 8 88
83 21 71
0 20 25
8 2 87
30 5 55
43 47 33
69 82 83
43 99 74
89 86 90
58 91 89
78 12 26
4 78 15
37 73 10
84 74 99
65 77 35
38 4 1
34 78 66
100 61 33
30 9 85
38 18 100
54 84 33
44 68 69
59 30 95
83 81 21
46 13 67
16 20 13
31 57 62
80 70 89
53 76 77
28 75 45
66 15 25
67 45 63
37 62 67
36 87 6
97 70 4
98 85 38
15 19 12
63 5 13
68 63 40
25 85 66
48 64 69
91 86 25
55 37 9
16 93 89
27 56 28
45 4 63
83 62 4
77 75 53
94 75 65
57 98 14
42 4 54
93 92 92
98 28 93
65 89 98
20 73 91
98 29 77
64 96 55
84 98 55
90 69 60
1 81 66
2 76 15
28 89 30
87 66 72
1 95 53
20 56 69
46 60 87
13 69 20
61 87 41
5 77 17
5 74 9
32 77 66
54 31 99
79 4 33
83 77 15
79 40 83
60 68 69
75 12 4
65 81 74
52 60 75
72 84 72
40 29 7
31 37 19
34 66 96
66 30 100
30 94 18
42 35 78
83 53 23
90 70 34
97 61 94
81 58 33
19 78 93
76 10 62
92 7 98
8 59 6
44 88 41
67 60 11
62 87 92
66 17 16
59 30 79
68 94 26
45 54 78
15 28 37
31 11 98
14 63 94
6 97 77
100 63 3
79 46 84
12 88 91
37 56 98
55 83 24
71 52 15
15 81 30
25 54 15
38 13 28
43 72 63
53 6 61
58 85 42
84 70 75
61 65 100
79 67 41
30 65 81
71 76 48
97 48 53
89 37 94
90 98 72
57 59 38
30 61 23
38 8 35
11 45 87
22 54 16
38 87 35
57 75 18
58 18 38
25 17 18
39 5 38
55 68 37
87 70 20
66 90 100
61 53 3
0 15 62
76 47 70
69 39 59
70 29 55
100 89 79
53 66 72
41 67 73
30 17 52
40 87 59
46 13 17
82 45 77
75 97 39
27 6 1
83 89 31
36 41 40
22 45 39
83 83 38
89 80 48
91 48 60
64 38 29
67 43 16
6 36 66
55 80 45
63 38 11
64 15 25
21 60 67
18 18 95
29 23 13
76 9 32
19 71 93
88 5 55
43 89 76
1 54 73
54 18 72
81 45 30
6 56 93
52 90 42
15 74 4
21 81 30
97 58 73
74 83 52
9 78 90
91 10 57
91 2 11
61 12 61
38 36 53
5 34 58
95 29 87
74 77 38
52 27 3
23 7 57
83 56 97
38 4 40
52 96 17
43 41 16
46 74 16
1 13 64
73 60 73
25 65 34
61 55 7
34 67 6
38 15 17
100 35 40
36 98 30
7 38 80
7 79 5
60 2 68
70 87 37
57 64 92
84 79 64
17 2 33
54 98 4
2 48 25
91 41 56
20 46 39
46 71 15
93 62 88
71 83 38
6 54 76
39 43 22
4 25 17
88 56 9
10 67 92
59 31 96
51 72 5
29 36 86
2 77 57
0 55 55
47 88 70
22 4 96
29 16 45
7 95 21
80 22 42
74 86 67
98 41 60
22 84 76
95 85 81
82 79 96
90 22 23
53 48 96
33 39 73
72 83 63
60 98 27
63 73 6
52 22 97
74 76 22
89 8 11
75 33 74
100 66 7
100 28 10
42 73 40
69 44 38
37 33 85
54 70 59
23 17 75
51 66 33
41 88 72
99 10 38
30 86 56
100 64 45
100 17 30
42 7 15
100 23 20
87 37 94
81 8 37
100 60 84
31 10 68
17 31 57
20 60 75
37 13 100
25 55 35
12 24 3
29 42 62
17 55 29
44 26 6
13 9 61
85 16 71
33 20 79
51 61 95
41 97 37
73 79 96
46 13 25
77 88 1
78 22 46
69 96 28
60 57 42
38 68 94
37 43 86
95 85 18
100 68 14
93 68 55
38 42 11
81 88 84
93 8 68
28 58 46
100 76 79
8 92 17
48 46 58
51 36 99
11 32 65
31 80 31
47 39 84
3 98 22
53 70 66
20 56 46
14 58 26
67 23 25
92 55 47
82 56 91
67 77 35
55 94 27
85 84 21
58 86 97
53 22 1
19 32 69
88 17 100
90 69 64
2 86 38
61 9 64
75 71 84
28 16 5
16 39 79
72 45 65
72 40 83
16 20 69
29 2 60
20 11 46
52 20 71
9 76 39
28 37 95
48 55 54
21 66 14
40 79 88
56 83 72
56 1 93
36 17 39
73 7 6
67 45 84
44 27 57
40 29 19
82 24 95
64 85 30
69 74 98
67 5 11
69 25 52
27 97 67
86 22 44
12 3 26
5 85 97
94 20 21
1 52 5
37 33 18
26 4 85
46 38 10
25 25 97
75 40 70
34 44 91
58 36 22
31 9 97
17 26 74
72 21 28
95 20 58
96 10 58
57 85 91
55 32 37
100 1 1
96 100 18
34 29 37
78 28 15
14 59 83
90 16 86
50 22 62
6 26 84
78 53 78
7 13 7
72 15 93
23 24 41
63 39 40
67 94 53
79 13 6
66 98 21
57 14 13
94 62 11
4 92 13
59 78 24
18 22 25
22 20 89
88 27 3
19 7 99
73 41 26
17 69 21
55 98 32
81 14 29
35 62 33
25 60 20
75 79 54
79 37 2
16 86 46
62 86 17
16 66 92
84 93 54
15 29 66
95 44 79
2 20 12
24 57 9
67 95 83
38 13 25
53 92 12
84 24 17
71 28 4
6 33 77
70 44 46
20 28 98
66 89 30
94 7 87
19 87 86
37 17 62
79 74 13
55 12 25
32 10 75
79 91 11
37 92 57
11 69 57
81 38 96
95 33 26
17 43 82
10 55 27
70 93 6
28 53 36
36 69 53
24 60 67
43 9 84
44 7 12
56 6 32
4 38 5
8 58 1
73 9 85
43 30 26
84 5 4
76 58 19
66 22 24
80 65 25
30 15 68
4 62 87
66 20 11
45 62 57
50 69 97
36 61 83
41 12 92
6 10 20
40 67 34
14 89 2
17 78 67
17 17 24
5 47 66
10 87 38
17 36 76
80 15 95
99 99 99
45 24 72
89 21 73
51 16 83
37 54 52
