100
3
15 20 60 75 80 100
4
9 9 12 12 12 15 16 20
4
1512 2016 2016 2688 2688 3584 16551 22068
4
852 1136 2511 2802 2919 3348 3736 3892
4
8343 11124 14832 17820 19776 23760 31680 42240
4
145589895 194119860 224428167 299237556 332502924 443337232 644319879 859093172
4
132 176 324 432 1182 1320 1576 1760
4
15 20 1968 2624 2670 2700 3560 3600
4
12906 14904 17208 19872 19872 26496 26496 35328
4
333 444 1020 1360 2697 2880 3596 3840
4
501 668 1044 1392 1818 2268 2424 3024
4
16038 18549 21384 24732 28512 32976 38016 43968
4
834 1112 1974 1977 2583 2632 2636 3444
4
279 372 693 924 2121 2828 2892 3856
4
68803362 91737816 436386138 484969518 581848184 609898611 646626024 813198148
4
621 828 1395 1458 1860 1944 1959 2612
4
213 284 462 616 855 885 1140 1180
4
11151 14868 19824 25542 26432 34056 45408 60544
4
768 1024 1866 2211 2409 2488 2948 3212
4
62485851 83314468 241751076 322334768 356359413 475145884 675623280 900831040
4
7020 9360 9360 10854 12480 12480 14472 16640
4
49424970 65899960 193959726 258612968 416001558 554668744 575031453 766708604
4
3942 5256 5256 7008 7008 9344 24732 32976
4
573 764 1647 2043 2067 2196 2724 2756
4
47527119 63369492 193038495 257384660 468843465 625124620 721557090 962076120
4
1332 1668 1770 1776 1887 2224 2360 2516
4
11205 14940 17874 19920 23832 26560 31776 42368
4
1389 1852 2136 2664 2799 2848 3552 3732
4
88882998 118510664 235262334 299547345 313683112 399396460 582384282 776512376
4
837 1116 1590 2120 2502 2592 3336 3456
1
3 4
4
2325 2385 2568 2718 3100 3180 3424 3624
4
80555049 107406732 362477268 483303024 521915259 601135077 695887012 801513436
4
294 392 2637 2751 2784 3516 3668 3712
4
110577840 147437120 534676494 625481049 660553368 712901992 833974732 880737824
4
948 963 1264 1284 1371 1828 2523 3364
4
17847 23652 23796 31536 31728 42048 42304 56064
4
165 220 729 972 1347 1796 2085 2780
4
1251 1668 2067 2292 2655 2756 3056 3540
4
36 48 147 196 1683 2244 2445 3260
1
750000000 1000000000
4
16389 21852 21852 25920 29136 29136 34560 38848
4
10982721 14643628 310549023 352599087 414065364 470132116 519807792 693077056
4
1062 1098 1416 1464 1665 2085 2220 2780
4
131631123 175508164 213646692 284862256 574504647 617308248 766006196 823077664
4
1008 1344 1590 2120 2745 2877 3660 3836
4
1389 1674 1852 2208 2232 2856 2944 3808
4
621 696 828 928 2856 2991 3808 3988
4
111 148 243 324 549 732 2535 3380
4
211610607 282147476 613225203 703547853 741686646 817633604 938063804 988915528
4
465822534 488525526 516403137 621096712 651367368 688537516 715593678 954124904
4
5049 6732 8976 11968 26163 34884 46512 62016
4
4617 6156 6156 8208 8208 10944 24921 33228
4
876 1168 1677 2236 2277 2625 3036 3500
4
432 576 999 1332 2004 2286 2672 3048
4
462 616 1380 1620 1840 2160 2274 3032
4
104443020 139257360 232360302 309813736 502874139 670498852 694303536 925738048
4
969 1292 2196 2466 2538 2928 3288 3384
4
4725 6300 8400 11200 13716 18288 24384 32512
4
165 220 255 340 2157 2619 2876 3492
4
114 152 2229 2262 2475 2972 3016 3300
4
111 148 786 1048 1080 1440 1635 2180
4
282 376 1107 1476 2010 2680 2925 3900
4
30929133 41238844 108304773 144406364 149978982 199971976 334668126 446224168
4
18738 24984 26946 35928 35928 47904 47904 63872
4
420 560 1689 1956 2252 2608 2760 3680
4
22275 24624 29700 32832 39600 43776 52800 58368
4
201 268 579 675 772 900 1641 2188
4
147 196 498 664 1692 2256 2925 3900
4
219 292 1047 1167 1396 1556 2226 2968
4
42 56 294 392 1746 2328 2664 3552
4
87 116 588 784 1254 1281 1672 1708
4
25648047 34197396 182725266 243633688 433917660 551436609 578556880 735248812
4
792 1056 1188 1584 1653 2130 2204 2840
4
245819856 312846093 327759808 378131313 417128124 504175084 591140865 788187820
4
1599 1707 1860 2132 2276 2480 2769 3692
4
2394 2730 2877 2940 3192 3640 3836 3920
4
75 100 1791 2184 2388 2448 2912 3264
4
336 360 448 480 807 1076 2892 3856
4
26619837 35493116 140133030 186844040 416252892 555003856 713644653 951526204
4
133909974 171934938 178546632 229246584 343672710 458230280 618120540 824160720
4
6129 8172 18954 25272 25272 33696 33696 44928
4
825 828 1100 1104 1293 1724 2445 3260
4
45 60 1335 1780 1944 2247 2592 2996
4
117888567 140686644 149375886 157184756 187582192 199167848 456826575 609102100
4
798 852 1064 1136 1665 2220 2244 2992
4
888 1184 1815 1881 2420 2505 2508 3340
4
1188 1584 2112 2816 10854 14472 19296 25728
4
228 304 1257 1521 1676 2028 2241 2988
2
3 4 750000000 1000000000
4
21562071 28749428 348268305 464357740 512766528 651565071 683688704 868753428
4
2700 3600 15282 20376 20376 27168 27168 36224
4
789 849 963 1052 1132 1284 1728 2304
4
735 980 1245 1660 2211 2948 2970 3960
4
1656 2208 2259 2352 2379 3012 3136 3172
4
3780 5040 5040 6720 6720 8960 16686 22248
4
372 496 1161 1548 2040 2301 2720 3068
4
1755 2340 3120 4160 26676 35568 47424 63232
4
225 300 828 1104 1236 1648 2424 3232
4
348 464 603 804 2826 2886 3768 3848
