100
3
15 20 60 75 80 100
4
9 9 12 12 12 15 16 20
4
126 168 918 1005 1224 1340 1977 2636
4
219 292 696 783 928 1044 1644 2192
4
84 112 591 788 2457 2799 3276 3732
4
171465507 228620676 343503135 458004180 571277913 641027916 761703884 854703888
4
492 591 656 788 873 1164 1929 2572
4
72 96 396 528 1566 1707 2088 2276
4
633 844 912 1155 1216 1540 2838 3784
4
200609847 267479796 320326200 420432561 427101600 472101438 560576748 629468584
4
747 996 1551 2028 2068 2704 2799 3732
4
18385035 24513380 106135191 141513588 165309549 220412732 622098174 829464232
4
1185 1374 1580 1832 2712 2988 3616 3984
4
306 408 2400 2436 2883 3200 3248 3844
4
110528838 147371784 412221996 535659243 549629328 678160419 714212324 904213892
4
657 876 906 1074 1208 1432 2796 3728
4
222 296 1164 1552 2487 2883 3316 3844
4
12 16 708 944 990 1320 1347 1796
4
8235 10980 14640 19520 23652 31536 42048 56064
4
489 652 783 1044 1119 1492 1530 2040
4
1056 1408 1680 1890 2010 2240 2520 2680
4
783 1044 1392 1856 10854 14472 19296 25728
4
756 1008 1152 1536 2232 2595 2976 3460
4
4752 6336 18765 25020 25020 33360 33360 44480
4
500956149 506268234 596445150 667941532 675024312 692123766 795260200 922831688
4
1245 1434 1660 1797 1912 2337 2396 3116
4
696 928 1275 1700 2316 2883 3088 3844
4
269730681 359640908 396962598 529283464 626958030 696864480 835944040 929152640
4
1488 1500 1984 2000 2331 2748 3108 3664
4
6534 8712 11616 15488 25407 33876 45168 60224
4
279 372 720 960 1308 1590 1744 2120
4
11637 15516 15876 20688 21168 27584 28224 37632
4
114310635 152414180 165413430 194142909 220536264 220551240 258857212 294048352
4
624 832 927 1236 1407 1876 2409 3212
4
6750 7749 9000 9000 10332 12000 12000 16000
4
96 128 1602 1857 2121 2136 2476 2828
4
600 800 1131 1494 1508 1992 2916 3888
4
339 452 1188 1584 1662 2216 2595 3460
4
13392 17856 21573 28764 28764 38352 38352 51136
4
2133 2844 3792 5056 12150 16200 21600 28800
4
83276148 111034864 463687656 589632123 618250208 646947891 786176164 862597188
4
675 900 1815 1821 2420 2428 2571 3428
4
615 820 1374 1701 1832 2268 2490 3320
4
50739909 67653212 166202451 221603268 654419241 716126952 872558988 954835936
4
282 376 1692 2010 2256 2589 2680 3452
4
537 716 1311 1329 1748 1772 2271 3028
4
9 12 240 320 1527 2036 2160 2880
4
1035 1203 1380 1557 1604 2037 2076 2716
4
1566 1617 1947 2088 2156 2583 2596 3444
4
255 340 435 580 939 1252 2637 3516
4
315005520 420007360 454517670 481092108 606023560 641456144 745789524 994386032
4
783 1044 1044 1392 1392 1856 4914 6552
4
3915 5220 5220 6960 6960 9280 11637 15516
4
1290 1720 2250 2376 2649 3000 3168 3532
4
291 388 393 402 524 536 984 1312
4
22969674 30626232 127158861 169545148 191621469 216510117 255495292 288680156
2
3 4 750000000 1000000000
4
157341552 209788736 366031812 455670051 488042416 512328855 607560068 683105140
4
207 276 537 716 1383 1844 2316 3088
4
83011671 110682228 377726910 444455526 503635880 592607368 626797734 835730312
4
486 648 864 1152 14634 19512 26016 34688
4
17577 23436 26271 31248 35028 41664 46704 62272
4
342 456 549 690 732 920 2766 3688
4
228 304 420 444 560 592 2571 3428
4
3510 4680 9828 13104 13104 17472 17472 23296
4
1764 2352 2367 2736 2949 3156 3648 3932
4
32072319 42763092 392465136 395554800 420882870 523286848 527406400 561177160
4
91427643 94362105 120622218 121903524 125816140 160829624 361991298 482655064
4
330 440 456 608 687 916 1350 1800
4
14067 18756 18756 21654 25008 25008 28872 33344
4
492 656 822 1096 1695 2260 2361 3148
4
375 444 500 592 2124 2490 2832 3320
1
750000000 1000000000
4
57081012 76108016 247768365 330357820 424432815 428733405 565910420 571644540
4
9396 12528 12528 16704 16704 22272 23571 31428
4
10746 14328 18252 19104 24336 25472 32448 43264
4
159 212 1575 2100 2430 2778 3240 3704
4
1341 1494 1788 1992 2958 2970 3944 3960
1
3 4
4
42 56 174 232 1464 1797 1952 2396
4
188406222 251208296 624341850 632008797 727629519 832455800 842678396 970172692
4
4031271 5375028 35224005 45977010 46965340 61302680 720928035 961237380
4
15822 17118 21096 21096 22824 28128 28128 37504
4
810 852 1080 1136 1182 1458 1576 1944
4
6534 8712 17442 23256 23256 31008 31008 41344
4
168 224 318 424 2868 2988 3824 3984
4
606 808 1038 1065 1384 1420 2712 3616
4
189 228 252 304 1584 2112 2256 3008
4
10206 13608 16254 18144 21672 24192 28896 38528
4
96 128 981 1308 2031 2708 2805 3740
4
534 712 849 1132 2517 2562 3356 3416
4
873 1164 2052 2076 2508 2736 2768 3344
4
96 128 258 344 1251 1668 2226 2968
4
91832442 122443256 162369465 216492620 324134055 408603459 432178740 544804612
4
49971981 66629308 392667168 415063086 467085810 523556224 553417448 622781080
4
663 882 884 1176 1509 2012 2844 3792
4
684 912 1134 1512 1827 1929 2436 2572
4
222 296 1065 1420 1530 2040 2682 3576
4
5670 7560 10080 13440 22140 29520 39360 52480
4
777 1036 1569 1680 2092 2240 2550 3400
