100
8 3 1
8 4 2
4 1 8
100000000 9016858 29214981
96059414 49572772 40853147
83978922 37600625 81713393
99999998 99999998 99999998
100000000 51339729 21384194
76256688 44993532 67065908
33938264 22575769 51344625
11567142 3823693 3853997
100000000 65969314 85105512
65470744 45017825 88460217
4 4 3
497114 258218 63702474
4 1 1
4 2 5
31921568 26848128 69909213
86570954 84898984 39579993
11952000 7102936 98501468
23808448 19400165 81163280
35619152 5745383 78640806
99999998 2 99999997
5300496 2840323 89438708
100000000 99999999 100000000
100000000 99999999 1
29467864 10824683 7285143
99999998 2 99999999
462856 342401 65936395
57315774 2539666 90746430
99999998 2 1
100000000 76219725 68707808
72876548 50182335 92021138
100000000 100000000 99999999
4 2 1
99999998 99999998 1
5129608 1597954 98992592
99999998 99999998 99999997
100000000 63752884 46754116
100000000 1 99999999
4 4 1
100000000 20562251 83940679
99999998 2 100000000
4 2 100000000
100000000 77191120 61024521
99999998 2 99999998
99999998 99999998 100000000
51553158 34309902 630061
100000000 1 100000000
4 1 5
100000000 40224457 81675450
99999998 1 99999998
46963444 24154926 59646177
100000000 10463335 98860719
100000000 1 1
301840 123971 22030173
100000000 42778611 21174659
100000000 99999999 99999999
100000000 85725423 7294114
99999998 1 99999997
56141554 25651207 50977499
4 1 4
100000000 2 1
100000000 88953334 56571298
23826942 8439938 97446246
72136456 19614144 56206634
98011112 35817868 54505282
25377702 6281560 60742688
99999998 99999998 99999999
99999998 1 100000000
302912 177164 83483358
4 2 3
100000000 100000000 1
73681658 52362853 43796644
4 4 100000000
4 1 100000000
60229688 5113896 43579032
4 1 3
100000000 86618433 67473350
43556064 22376111 9364149
55283120 22462632 20743851
67248426 35768487 42317692
4 2 4
68659342 53359723 77946876
4 4 5
4 4 4
49396738 36029414 60802639
99999998 1 99999999
100000000 85411486 66370679
65829022 16605740 8175305
25029006 13373590 60304090
99999998 1 1
79628816 44177373 29231815
100000000 2 99999999
100000000 24655394 26518440
601834 43122 92009509
100000000 100000000 100000000
100000000 2 100000000
83399870 71941978 67230450
97147154 31442428 77732504
