41
8
891 177 427 393 469 167 845 736 752 
6
567 713 147 289 305 30 663 
9
445 812 453 99 562 236 246 950 485 643 
6
180 967 263 562 74 114 590 
6
112 891 834 869 544 948 520 
10
869 547 559 872 735 36 23 436 699 457 991 
10
284 768 599 73 804 98 273 140 507 492 203 
8
83 368 594 585 497 685 612 658 408 
7
693 302 215 432 665 256 640 126 
5
582 429 255 599 548 47 
6
244 377 918 724 910 217 247 
10
940 162 760 4 831 915 629 852 146 756 209 
7
454 919 868 289 181 757 166 667 
6
778 801 634 291 868 114 678 
9
775 242 208 851 210 754 133 77 945 91 
5
59 119 69 662 171 655 
9
254 712 284 23 445 662 830 895 567 370 
4
534 490 554 501 386 
10
105 721 816 614 289 752 314 944 587 827 852 
4
86 101 719 434 770 
4
146 871 78 198 983 
9
233 933 891 989 712 145 917 910 235 142 
4
17 947 888 500 878 
6
18 101 320 194 950 377 681 
8
970 394 952 831 565 502 396 133 312 
5
270 751 686 890 943 984 
6
952 829 438 759 912 110 49 
9
10 706 964 795 855 814 440 613 479 170 
9
251 298 571 17 511 894 181 438 675 441 
4
360 949 531 896 395 
8
283 700 264 71 321 526 440 50 306 
8
923 165 967 796 313 875 935 880 261 
8
346 617 170 74 94 749 788 526 667 
10
720 421 302 499 5 750 643 190 812 414 964 
9
854 53 256 890 621 359 647 496 673 346 
4
163 769 313 132 330 
9
53 945 525 122 523 844 6 529 318 836 
6
60 407 215 817 823 680 13 
7
147 46 244 945 566 762 559 807 
9
975 508 472 878 906 647 140 680 434 211 
10
454 193 232 288 919 805 254 726 452 196 944 
