100
6 1 1000000000000000
1 1 1 1 0 100 0
6 1 -100
1 1 1 1 0 100 0
10 1 8
4 3 4 1 5 20 -10
10 2 8
4 3 4 1 5 20 -10
10 1 8
4 3 4 1 5 20 -19
500000 39046 879077
2 2 334566021 949546054 184772035 5 -2
500000 133101 -2033013
3 5 708259667 167044457 53685601 11 -10
500000 125000 125000
1 0 0 1 0 2 0
500000 48847 -2602977
7 0 516993882 165029556 264718788 11 -10
500000 83461 -1907788
6 2 140471466 638301516 871056655 11 -10
500000 500000 1000000000000000
535668376 968077466 984968530 457834950 361608028 104963649 -300200235
494738 494738 1000000000000000
581111376 531178116 59110952 131457724 80718422 511562029 -157755634
151942 144657 -288669380704080
790014362 977669611 441193548 381283716 694985231 586036387 -212710862
87613 29547 -267073669308028
976641925 782446283 472818167 804508253 692093241 333042559 -467517630
157406 157406 -429078692138552
451851286 346548776 380338284 183676328 745277550 153907057 -180659646
500000 53836 876342
2 3 119981598 130101858 535303913 5 -2
164861 142875 70580579590099
949500506 746273266 506682020 12168701 48617778 493912267 -411023528
500000 485836 1000000000000000
195384431 417696432 736730962 168088140 726606750 185591627 -483626480
157406 133737 -849038636075024
263250180 820079208 909541927 886721670 190079052 917725647 -392460941
500000 0 -9848136213833
533809299 533809299 0 0 533809299 1000000000 0
500000 311582 -458753337523029
417884789 821007806 609768466 151978917 805973125 947597979 -92264272
87613 69268 1000000000000000
988642593 179561221 979396978 592150580 319139314 97570293 -16494628
500000 0 667760926087194
909250559 909250559 0 0 909250559 1000000000 0
476976 55391 -324293230288310
448003547 55924495 190603982 681115121 508028725 156083696 -148636356
500000 500000 1000000000000000
999999999 999999999 0 0 999999999 1000000000 0
2 2 1000000000000000
1 1 0 0 0 1000000000 0
500000 332197 -1092592
3 10 854619221 456023095 700091975 11 -5
500000 210101 138583859698705
310220661 479802260 748268238 429555108 910435668 286894477 -145642018
78212 7795 583870748062917
813785929 85433919 449088241 759749264 846580804 254386399 -497622168
352091 332608 1000000000000000
706989368 512040711 550404235 142597088 707509831 35355137 -357417614
181342 173440 193323845626975
273703175 346742825 901127291 386851625 834040820 345219701 -426921161
500000 500000 1000000000000000
778906400 487156391 230014963 445886952 771684706 56967425 -251368928
500000 275763 -787147
1 2 369954477 76930306 88142643 5 -2
500000 33249 -4999180
10 6 64929926 351482209 139411032 11 -10
500000 60651 -526359
0 4 748628500 95602401 999129743 5 -2
210846 157356 974883945881381
327940110 549548321 443065862 850834998 183820205 169353352 -245014247
69248 17600 534115866831864
156980603 156765387 756932081 478349477 674601270 967322601 -101877641
500000 94666 -714002
0 10 949501554 830657323 347256419 11 -5
500000 0 1000000000000000
1 1 0 1 0 1000000000 0
500000 405349 1000000000000000
183545412 39740134 708537345 94468484 72298664 665173269 -67771421
2 0 1000000000000000
1 1 0 0 0 1000000000 0
500000 457678 1683774
4 0 164264213 156835107 497238405 11 -5
101441 16931 82945293892876
235277229 59019255 680245496 787365335 227083347 245717240 -7513937
393349 0 -452320314675469
985464781 985464781 0 0 985464781 1000000000 0
500000 207887 1444968
10 9 227285001 800374985 222494001 11 -5
500000 500000 1000000000000000
221409634 459904341 977454861 352548685 897501084 501749239 -443211922
500000 382380 82972
10 0 546232749 696096201 633261211 11 -5
164861 164861 141060064967403
785127119 614586911 551291971 640438618 484260435 144951821 -33577157
500000 0 -481947762105567
902991165 902991165 0 0 902991165 1000000000 0
319048 30726 -238793811349322
989185409 104775177 902748742 710745895 204409548 981277799 -14269150
164861 98955 1000000000000000
623251777 155964933 822322269 165843336 904767358 195909251 -438069223
3 3 1000000000000000
999999998 0 0 0 0 999999999 -499999999
500000 500000 1000000000000000
892645810 578420751 757904515 160906435 101921468 366882717 -230344332
500000 500000 963631065911353
96201690 741941821 85625188 925641431 281293344 34508451 -397101989
500000 500000 686041176801982
783158937 1945636 640221518 870643634 904372702 69858959 -210114997
500000 100913 914757
3 1 513968201 744212466 663404429 5 -2
500000 115670 893886
7 1 636608092 152366160 908864192 11 -5
500000 500000 923518804284440
143565195 598401523 988986956 894970836 458855616 446500451 -263953278
3 3 1000000000000000
0 0 0 0 999999998 999999999 -499999999
500000 288533 913027
7 7 663529605 448660935 679851388 11 0
87613 87613 -801954623184188
587916639 432410513 305334620 328164569 932197904 942887191 -377821557
24662 0 -464352846611926
74348231 74348231 0 0 74348231 1000000000 0
500000 150255 -2064075
6 3 401766709 74026958 261964582 11 -5
251798 71703 -506650915581839
844187665 35119534 749161032 628560890 267382205 229112377 -45034449
500000 438185 538168
6 3 6002829 177322697 134427848 11 0
500000 417284 -2850257
3 3 132689268 706652848 178598598 11 -10
234763 0 181024188620923
952037275 952037275 0 0 952037275 1000000000 0
500000 210178 -3926263
7 4 848149975 628413895 396116845 11 -10
500000 488553 1000000000000000
216113089 977764815 439423697 751782471 612357068 976353267 -117832492
500000 426657 1410653
3 2 783872211 719240900 534157255 11 0
500000 322793 505788
0 0 786523251 160882604 971939683 11 0
500000 416240 -851563474397196
907771984 428061454 801339809 447096519 417230295 809374261 -267546047
500000 333656 -768961
0 2 214295405 702838285 224682286 5 -2
190527 122164 -353429909085514
329780125 318714423 729468343 689241578 477325141 845770733 -402560685
2 1 1000000000000000
1 1 0 0 0 1000000000 0
500000 163544 -367020078325009
779224438 915302579 804140254 259476151 354700024 545485503 -393953514
500000 487830 2495969
9 8 421693914 40917232 676445994 11 0
500000 0 61476206918346
988496849 988496849 0 0 988496849 1000000000 0
500000 421597 4499520
8 2 736312682 112842297 249618241 11 0
500000 61067 2339775
4 6 150589341 80582753 201760089 11 0
67110 45148 875066643090542
241661941 905809029 999058778 609137849 101226062 979087539 -83882195
500000 223971 -2466793
7 2 196945115 992443095 508225566 11 -10
500000 73649 -1321717
2 10 570542326 247410768 915383516 11 -10
500000 313981 -1936924
1 4 354772253 582580917 631652405 11 -5
500000 325430 -682752
1 4 775616675 648740987 765936723 5 -2
275092 275092 1000000000000000
669242092 828502783 852100266 183250233 986890654 671694665 -104447495
352091 352091 -979674486401557
619800215 53113246 52356607 62877184 2514308 916434873 -196985615
500000 500000 -874529578998587
308874127 298739921 897127543 199826895 393037686 890855413 -122975740
500000 500000 1000000000000000
0 0 0 0 0 1000000000 -500000000
500000 489147 1000000000000000
275815300 665796404 611030980 62562105 53423546 929269619 -307571464
500000 92489 109480
1 4 319349725 518396810 453750434 11 0
500000 150892 -572209
0 1 333699448 118253297 152479869 5 -2
296584 19211 -147706841128392
395845465 440414307 903714837 497613862 934895930 35431599 -45565639
26688 26688 1000000000000000
340785937 903282051 608677324 159434277 134349979 228489749 -498529894
352091 117988 697239420935955
767792623 534259088 999031920 536562021 62159023 451652541 -127076586
157406 136589 1000000000000000
681030240 762650908 976565482 848397740 734761180 437627087 -69307479
428590 262463 -990387935530516
95027681 90770683 681047547 471595675 380650132 680332551 -453689372
12465 0 -199186454348897
408926837 408926837 0 0 408926837 1000000000 0
207662 146757 331639423052442
347306271 103553078 691475299 38864797 839681530 365409799 -425033754
79521 79521 1000000000000000
748992946 211293810 529096403 936230275 647628192 238363567 -22397740
