100
6 1 1000000000000000
1 1 1 1 0 100 0
6 1 -100
1 1 1 1 0 100 0
451079 20401 -307376490308451
451641789 404260586 496085507 776873817 224426710 883022787 0
500000 107063 664968
3 10 339794226 228261492 832583728 11 0
307728 307728 1000000000000000
853736280 94404698 94509064 916271242 923509550 288084937 0
43722 38408 -235043079137217
286777907 314316905 455911551 248065403 310090171 998164817 0
116588 23516 178710153410675
441089090 793901784 538711335 953282416 488224777 169007853 0
382318 320325 -232497814729474
235809079 880109410 72438218 286960271 45419782 588657774 0
480444 369925 -362920954289083
799807855 941279362 926296167 85684317 410308056 757739265 0
324035 0 -478436834312640
887010469 887010469 0 0 887010469 1000000000 0
500000 500000 1000000000000000
999999999 999999999 0 0 999999999 1000000000 0
500000 323557 1000000000000000
622734431 257618791 64829950 159269038 757075360 736873711 0
479160 195933 437334993697641
292525802 649025801 811726126 225516678 507560808 988409111 0
110703 105013 -80668912177885
906707801 893262033 274849572 66751975 783329656 180687143 0
369224 369224 1000000000000000
291651848 583264490 561825394 799060503 40737379 56291351 0
500000 275574 4970469423912
755159012 457787901 365728697 830624164 452930658 39566589 0
176106 9997 -40455246959806
264016119 955266836 110848464 874537272 852677090 510073039 0
335442 317589 -470846913709099
707567916 423675308 562258339 190890030 365085840 266708642 0
243263 197864 -796675209787415
290977211 610515418 727374415 200055312 181633557 340921677 0
500000 184070 1218118
1 1 918894140 129209618 686178089 11 0
500000 413239 1826341
3 10 867248889 19886174 416656788 11 0
244662 125016 241807233876176
589239910 282352792 289582299 938870280 296860484 84598417 0
500000 500000 -637414957402624
980797966 401121898 661110986 761808546 821911930 149918511 0
500000 500000 1000000000000000
285221989 963716421 307686754 810893285 739191159 352253357 0
500000 178077 1564808
3 7 821127741 545798523 969121750 11 0
500000 19960 731831956827451
496197204 242191590 478196778 462000689 424671417 890490435 0
500000 500000 1000000000000000
705116590 837392915 371824819 852662197 285984243 772004811 0
189174 28798 192295379838850
290130679 999015890 912016029 207583930 165357904 777887387 0
269423 65515 -989786282309902
527936222 779671348 328127589 765610974 694768750 144497015 0
500000 204428 1000000000000000
298180326 890183109 300049290 133993243 312221184 257791045 0
55589 8981 848943537794955
492099880 138305883 576527583 169441128 766464491 864058563 0
500000 500000 1000000000000000
407134722 725286308 646695727 688366609 649184513 114804433 0
500000 359222 4056641
5 9 831198315 766377804 36165357 11 0
2 0 1000000000000000
1 1 0 0 0 1000000000 0
500000 86106 1000000000000000
520464474 374012260 118507146 937944529 783176525 107923763 0
429372 150114 950765708971715
230687311 529915213 869903600 745439414 790283321 12202497 0
223168 0 914774712905748
322162361 322162361 0 0 322162361 1000000000 0
333568 274869 1000000000000000
909872296 549069066 612261148 365987005 941418388 114833345 0
387640 204037 -238832133027041
881983953 674019306 80558167 304978778 552199240 534868535 0
49113 20438 352197299089649
110268561 555447634 149959849 224501480 230287993 321767411 0
278753 88919 190662283808981
492454466 411566213 350989364 436449135 273316079 429104161 0
110703 10285 1000000000000000
314325782 894685565 269870060 776942959 338524975 74578451 0
2 1 1000000000000000
1 1 0 0 0 1000000000 0
486811 8444 577847702146172
940848158 171815267 694654114 230553781 54879067 696362707 0
307589 152377 -189362575057780
443263367 3549897 689801069 700378536 476468175 890454661 0
183589 137279 -520167810308306
264428319 632370812 999981799 491895676 194940763 160484965 0
500000 500000 966611895133290
598968075 774987983 357020837 410045646 608604503 442294967 0
479160 479160 76341091498413
256115439 563195674 985088966 114910427 85354504 38541951 0
45276 13316 262297545202632
926291451 346418312 95359991 259391404 493068590 546351821 0
500000 0 954673349970234
149726721 149726721 0 0 149726721 1000000000 0
479160 239399 1000000000000000
163386606 143583315 748308216 98707984 281575894 541450731 0
153085 11371 947879792005804
972801420 333882964 875034600 440735771 937006674 823153055 0
333568 162797 -107712159123759
848929244 706185242 921639758 646754045 375982713 914886001 0
335864 198176 304191759003310
346910466 199355602 63179686 54684885 540939011 251125439 0
139153 93838 -192721562859388
459175466 880654468 206185472 79935870 803198315 343705605 0
113534 53095 -664616043928536
458556109 766797938 926069037 181462813 316923468 770466137 0
500000 500000 975000945822091
946050813 27685729 991423934 810084908 778788616 854303583 0
500000 500000 1000000000000000
0 0 0 0 0 1000000000 0
19848 2312 -693057125069165
360529438 706001218 876885950 141112021 953498786 186360389 0
37061 30071 405249817681792
461600794 869676376 213861452 190323384 795738908 929449431 0
18257 2189 908167309766638
109044232 268806116 943099168 677541994 542577526 936704555 0
326530 274872 -668266324729378
286395307 295481412 182058362 438395960 305647412 386340011 0
500000 500000 -254111866396678
692482882 821385068 444070816 390613058 505793880 660085237 0
500000 60794 4589898
3 7 631980334 143160882 263059059 11 0
203616 122566 -140601810321373
334765654 141667484 132910118 943835247 44339427 925968229 0
500000 355931 995202483619875
929734132 23915014 96945361 147376107 155157854 358885743 0
17743 15407 693530818959221
78808320 467580257 382097678 734032687 685458990 917409667 0
2 2 1000000000000000
1 1 0 0 0 1000000000 0
126149 126149 1000000000000000
111439924 799161897 267493263 566499341 432429721 219457413 0
110703 110703 2427217024640
795473243 573043393 738105803 402518556 240297806 976265585 0
500000 3787 615005552484575
896700948 100350384 536189194 386112684 811581890 641657171 0
321688 71620 851780239479332
285589334 754220507 839546596 792484392 262227714 606016413 0
158933 0 -870219555478648
151326601 151326601 0 0 151326601 1000000000 0
256980 211278 -101162726978827
179010419 970339038 888104577 101027941 73631565 442300173 0
444531 285487 -935069550847635
859838209 965521575 589244820 330837391 350880688 865396871 0
500000 498167 1741681
1 8 432584001 341273765 951681911 11 0
211492 211492 1000000000000000
374703666 461364169 270871266 158245862 174167825 389760947 0
78728 21332 351395055969393
828303824 393621154 200817112 327351406 123153174 776159832 0
202505 101357 732848558663368
510141032 865053248 539282577 51330599 422671294 916431339 0
500000 239587 1000000000000000
50482998 640982876 356366009 197173401 107794356 71737447 0
479616 3740 -552937036905473
349552244 484421986 246905228 704414200 973313880 939162907 0
268330 0 988917345680752
76799735 76799735 0 0 76799735 1000000000 0
113534 113534 -32583611723699
579234385 471276453 870360639 959676232 30023376 896713935 0
500000 0 773712756194331
699589299 699589299 0 0 699589299 1000000000 0
36147 31805 568768022080034
249363794 429420779 527107447 815999435 586315220 736760947 0
500000 155316 324886
2 0 504553624 280014932 322804077 11 0
368848 325701 134242303182963
993819685 635513849 675819074 741589659 155988991 436833477 0
500000 0 -318718689551651
467533001 467533001 0 0 467533001 1000000000 0
488923 392141 -777796668544270
152494207 801192067 918023978 420066025 180188146 234618169 0
500000 125000 125000
1 0 0 1 0 2 0
156946 88398 877354162174317
882756478 472410068 989023320 277241581 864166644 335514250 0
333568 333568 945751171221386
953134161 317264904 448855348 532215037 860639996 772191645 0
113534 2443 1000000000000000
537905493 859299130 674986995 385452272 196653353 190879621 0
500000 0 419498629744980
590399305 590399305 0 0 590399305 1000000000 0
450720 271038 289657471289135
852227735 915550254 652157866 794108375 410742725 441155061 0
500000 500000 1000000000000000
433518063 720136368 790477073 750032633 978437382 969131133 0
217643 66192 -760145749074533
963289672 311698280 115134828 425072968 236710230 717834817 0
500000 0 1000000000000000
1 1 0 1 0 1000000000 0
198915 178965 -705199747987476
408048479 631021360 641664070 226822950 603513735 149037197 0
490340 153072 352160823902630
430015883 746621941 933914259 459908692 70300596 789384265 0
