100
6 1 1000000000000000
1 1 1 1 0 100 0
6 1 -100
1 1 1 1 0 100 0
2733 2258 -438590782926938
308653506 902880633 331416901 837860897 308469812 89674303 0
211291 71997 -658267336615396
52426090 255033214 902993908 147468609 503156044 717049537 0
318239 159327 229701304508980
893664087 850318105 974582833 799953757 149796600 866392749 0
462995 354699 -580169169262064
773354879 790194134 113416525 479784499 27760890 668447637 0
245695 48039 -202880276866274
914070607 735862565 492041464 902682863 723129620 616522823 0
500000 500000 371561998046384
153444078 693784662 663058337 240601175 175046789 594415247 0
266918 0 -741814461613270
765388495 765388495 0 0 765388495 1000000000 0
96389 96389 -906683806245422
813129024 10288228 595432236 251830801 982670718 915606035 0
179893 179893 396998071825855
114378702 283082144 431444806 41465686 425176407 769126639 0
184736 20447 -751710500169975
758338116 436678285 425874362 78760907 46636460 852913559 0
406306 406306 1000000000000000
327651457 602528118 689512958 85168446 76630660 358116547 0
2 0 1000000000000000
1 1 0 0 0 1000000000 0
500000 297662 1000000000000000
888758674 142171332 524924523 234560288 216329135 225120061 0
500000 455712 976879520804503
346043340 741716886 31842973 921776814 364194834 345412123 0
96389 33964 1000000000000000
135581134 891207364 499861737 20192630 824732882 891386353 0
500000 0 -52492548284965
314058119 314058119 0 0 314058119 1000000000 0
99618 0 -559614928749191
930975157 930975157 0 0 930975157 1000000000 0
40564 40564 293433290001957
519589146 667070054 32938916 906019005 578211865 550129153 0
467493 109676 -789657570713334
345330400 337832643 59662213 91852063 574395013 68644119 0
500000 125000 125000
1 0 0 1 0 2 0
172836 29790 -706423428820279
921573111 453092315 18076761 177313725 723629580 256997887 0
500000 37574 1000000000000000
746438590 134158274 636258706 903311063 372173240 155803503 0
161117 157160 757300707930022
102241157 354633896 717753863 937113263 318307745 33664175 0
85863 36725 -385352246312912
118807889 89806230 440331040 320883799 339482659 92231253 0
99869 37184 538078055743798
838823707 863300684 142197230 871532369 647611867 551543733 0
5925 5925 1000000000000000
238561037 878015221 95667766 489693669 772253674 982105205 0
333907 87893 -729875761028148
281479477 218953897 20532505 32087290 588811470 213407325 0
500000 122066 2576964
9 10 853315752 709446087 416219491 11 0
418655 136173 -313038387249643
938750790 860559112 779667369 480123132 817107651 34190344 0
40564 40365 -156101079005486
810723577 733367401 852657393 691910472 782972656 506568841 0
2 2 1000000000000000
1 1 0 0 0 1000000000 0
386637 131129 529087542028934
973130549 153208332 154466469 505220682 610789091 933895009 0
451413 183914 733710597307362
478645944 881673460 746151853 81296397 839851378 334247865 0
202338 9437 575485241348051
625756267 518130642 564167295 611726262 905043004 411896549 0
427213 399104 329632296267024
502678512 140235262 158931251 492209886 958756312 781627267 0
495345 484076 -771911289385891
972198602 827657045 607228435 495860931 948182368 483128323 0
179893 138576 1000000000000000
67415695 893643625 748508940 297803239 34166549 279106473 0
500000 500000 1000000000000000
909525899 754981993 552956691 478406148 831246631 923891433 0
354524 334457 -331276621170822
531783533 532396543 453140105 345866415 454286674 811547954 0
7016 1821 716726812693670
902674266 534433115 400757336 214616935 527539186 628638027 0
500000 500000 -27791969435374
418159644 265481493 632085745 312254629 139443936 184374455 0
214726 162944 -909798965156787
777736293 137395441 371619896 660728922 116805510 461890849 0
390769 15485 -366996922547449
458417112 442809203 569137334 591082568 358961184 691385605 0
500000 500000 119021696624130
485597743 618837522 176622054 769261802 536175055 865995347 0
500000 500000 1000000000000000
0 0 0 0 0 1000000000 0
500000 7040 1481779
2 5 550348899 431216320 562611518 11 0
274052 177126 749790705578878
450194162 548846631 184270852 379735066 166724659 371029709 0
96188 70237 33774396604096
343300446 352697578 365219794 127856328 274108006 722477269 0
500000 184520 -966412472176667
577082762 442734139 433863981 102694972 847784145 264178151 0
417869 266077 627040094324060
466259820 592647682 77947350 958679771 876818737 726744475 0
363432 70670 739097830572015
669324048 978298488 157033458 640672195 703550560 467852012 0
265867 248014 79961075950753
152351523 633677491 376450118 930352943 933413602 107111843 0
468587 12831 -504403061336973
211091773 349404515 131626253 493832567 490202757 951097095 0
500000 211974 204431
0 2 237301708 3162640 444321645 11 0
500000 351459 2191544
9 3 43608954 346402332 535526118 11 0
3893 3893 1000000000000000
969895906 297684952 161180883 400417567 703096453 141010985 0
341165 249826 49754516790965
364787016 881567 906924285 615968592 85111626 264490325 0
500000 52484 571362356985890
848216050 872762805 615000141 873848273 203639404 563943093 0
180495 55107 523196839257827
682305314 528982382 841203955 312061461 846848336 369426645 0
500000 118527 4545279
7 2 783216180 667020169 201429559 11 0
118667 102008 589774230379051
179777366 925993896 929290266 395080752 311085856 119180019 0
112753 0 77832352182038
403419949 403419949 0 0 403419949 1000000000 0
179893 30799 -265279370292284
701827577 382721722 89530436 733818408 94830271 697140241 0
446550 9089 525533416418362
591221180 854735915 861369880 493708944 298719567 532463037 0
500000 0 -403228309465812
617372143 617372143 0 0 617372143 1000000000 0
500000 93301 1000000000000000
42735943 227867372 100392174 305233240 403101968 820095937 0
364176 0 -443477769834693
696305027 696305027 0 0 696305027 1000000000 0
500000 0 1000000000000000
1 1 0 1 0 1000000000 0
398180 346495 960379804518179
886437749 646185417 40033425 545854863 858725669 61843777 0
500000 369367 -443059013008910
358981564 199167621 556514300 412189316 231625021 510486387 0
387764 387764 -644387664170743
955560024 340436175 433402235 15316459 601676532 378420745 0
16865 5307 -438095607286310
740291991 280938888 112773350 292480109 514853036 233455151 0
96389 46636 147621757951153
492268703 127239418 401410954 282907335 196235454 78094375 0
500000 500000 1000000000000000
794589375 439411249 234641379 552284695 964577696 942717193 0
500000 500000 1000000000000000
632893293 779599171 704061176 413271029 346699912 794285863 0
500000 500000 1000000000000000
49797367 832361587 795369848 770115460 634479874 289041579 0
201242 40897 655514541841739
235332099 294888740 76101984 346845334 606529105 301154275 0
251921 194283 -225763603039294
31156295 578857226 922055630 355879752 106345798 56994341 0
372624 14257 -512954641626975
195812865 274882814 762889835 629188210 550193617 849210505 0
328190 268607 355615268671664
388539291 841036333 618815016 682446956 961668228 614651703 0
500000 220695 17088
2 8 854850864 504171468 547072652 11 0
387764 57832 1000000000000000
29225328 286801031 952724928 381868155 89366290 781226549 0
387764 302624 -927241941704827
973072880 819417177 378501821 992733512 535577197 748990283 0
200443 200443 1000000000000000
695248433 19695716 407165613 124581575 133416561 715550745 0
19830 2129 946896699783977
755864644 891363853 67362827 471405590 513488971 248270029 0
500000 500000 1000000000000000
999999999 999999999 0 0 999999999 1000000000 0
40564 19473 1000000000000000
420360475 806720467 155795919 818517477 262836894 289426323 0
293182 133578 -95617482796652
739758335 868931270 776955660 175177576 503198927 913622435 0
441182 190274 974784783463483
855391803 417186818 17730239 887044331 446824610 421980583 0
500000 169034 656643
5 6 582026647 970742695 391304734 11 0
500000 0 -848002562330745
248488339 248488339 0 0 248488339 1000000000 0
307314 303614 898030375929302
131554245 835251348 384444748 634516373 231373968 172047097 0
2 1 1000000000000000
1 1 0 0 0 1000000000 0
500000 500000 -533221218573780
275695166 879021824 239797216 671956251 516816315 913967273 0
500000 219716 4261380
9 5 594543552 920518978 32573274 11 0
500000 0 -833180294008277
901310571 901310571 0 0 901310571 1000000000 0
500000 209423 1000000000000000
516635256 961537172 418676008 575641598 941743520 724110511 0
84967 67462 1613354757471
755301392 930134510 179447443 352227811 232770445 88080166 0
