100
3 2
1 4 1 1 0 11
4 1 1 1 8 11
2 5 0 0 0 11
4 1 0 0 0 11
986 991
631460337 410915294 951567561 723853227 366680677 943442686
242218686 335678720 858660329 6587743 347270791 91727528
193964003 563486312 737014448 144304194 687049643 217892402
125422325 40552786 650377961 569682963 355294609 506562319
955 998
712753979 150002633 436123207 290519251 607801102 256312579
9792287 9714828 6881313 2419606 103565 9777654
657729965 159377368 781789855 562393933 582730874 248614014
6661234 8901122 4536149 2755798 8571310 1987053
991 975
2448 3878 4328 8670 796 7533
2237 6463 6371 3997 5186 9186
8212 2655 2716 3275 3471 4296
4242 1563 8218 6199 4883 9736
952 967
854941289 197944035 713131632 825578448 337514845 434458188
401527363 378696664 267306138 961165859 820417800 457277347
430971810 272249359 594565319 501655550 940941128 849128724
197638010 69992901 728960599 707213624 994702208 799182705
987 971
546464152 170876037 167623657 60436407 413678240 119827817
9291031 1108152 2906097 1227204 1110225 1700410
876104436 698499382 766325716 269386612 133435235 447343874
3887926 6894085 1726879 6152200 5666486 612844
984 975
944324551 457455523 942031591 363700831 74230197 884329588
137687532 273113648 915882104 809099386 388750485 646216510
299701407 347801595 138191398 123760290 568414011 373247203
443477444 158104144 729585516 493175104 909209534 893453204
959 979
990839282 739212873 770276176 409627958 165432921 331757285
2352965 4833541 4700657 5987116 5287277 2543062
306461930 720600956 279340111 975029685 711622718 230153560
6211723 8427853 1409757 541184 5866899 2952619
1000 1000
10 20 1 0 9 100005
10 10 0 0 9 100005
12345 54321 2 3 4 10243
3 10 7 9 4 17
970 985
189478262 876038648 136234701 749002415 141895105 996613178
623597 639350 1659159 6345334 2123910 3082949
259583972 825698697 755728682 919237374 126580132 327661972
8307867 6009733 5503893 5145831 1499818 1381098
974 980
603907899 692360610 591736817 663587008 91626042 781352184
936849640 269241523 104495437 514030316 971046969 190411941
610593967 747881957 930474448 976825398 155548585 508801355
853137711 771737214 645849169 367720903 895611585 844421663
959 974
410865005 503375448 821942554 1480768 758383926 881223197
367018724 568518600 186524109 927515164 290601428 107966471
514415334 965416966 755863470 483820389 737631031 124222926
707946714 360447979 216477462 201231364 426145837 829077641
957 970
425873925 815930792 196827113 271662476 73681046 160104528
980799034 518360507 820740640 865792135 602551066 148056208
375797399 777940129 642099224 761391125 563939336 241931832
834587746 756394133 206729193 155717994 2433606 583339425
986 986
204889967 12779317 590274921 248311868 749577322 439858816
877883227 138329889 511314087 441467388 568054784 567399367
393992522 335843439 257849640 541805544 459758889 845869503
207095848 858624342 142644775 658862417 203766044 701085887
987 990
259701021 4953076 496325562 17854055 100728310 502945542
777193280 345991248 229769959 356330165 775591413 673354694
48179372 808599333 351706223 886290198 968488794 188965491
333808508 116577014 304806743 534002902 615491057 278928967
993 987
216513707 558314505 220986988 900365725 28531630 922403297
170127792 609212507 696990766 160324561 406935198 846639233
223908163 167985329 945215620 128946374 922182548 108570544
447191240 949605717 795906582 31153745 691676338 356975475
954 992
761294842 769684018 545647729 26288358 865562738 893618917
6024175 2870327 3385990 7523096 859085 1356112
403189877 864435365 5136277 768927786 759410204 946182262
1466327 2045601 7356523 9673353 3968720 4688318
975 992
238784326 305941209 207737499 175436466 775373624 233945904
124086987 988450420 101795110 823084484 671648511 998723176
486825339 353481795 277077968 886059403 365563434 324493341
541166793 332422510 777879266 336309747 148518752 574126805
991 968
509752058 577902012 258007388 650960301 114542245 407094820
682896808 618649412 653578011 149826168 876661409 546644667
960538264 550315754 911607844 118683689 840443357 88443352
365992531 609024749 156166958 960297845 215626570 68110787
988 978
625025708 985042210 817043107 551787334 77834894 47968464
650206034 317388617 399170928 235955649 920575437 333619804
606502550 109339307 824938326 186854260 195213316 987538460
275713060 932996206 492401547 33802516 54134942 899894364
979 993
527156804 733776622 241164944 918795771 658834665 553589245
893293662 111490367 923585234 417429938 145162556 134568429
737128587 611202911 274720951 704065131 283873991 448216458
825241876 988510773 916722993 927944140 729289477 8895236
983 990
971487165 645064268 295027395 920747937 864590356 433294621
6427373 9738371 7826666 2793009 1432590 6523421
509433473 582457481 323644996 611752768 303600231 373197172
928528 7671037 652139 9275697 8344891 9179541
962 956
658375867 850103138 402967864 360964793 401975325 716033764
5610013 4551997 8044907 1500017 8509586 4153925
659932300 636078174 56041759 134243286 348864938 789401183
8608007 7171418 9380919 9853647 2405895 8408350
991 969
277880637 599039216 43174536 576899490 176732186 947654596
489850 7306943 3662675 8799873 4405328 9753487
205307938 235871524 708014687 766102487 843246946 161639603
5259963 763016 6250579 8402413 4833069 1308452
990 999
167507344 857769318 786407227 936666399 93327043 620144607
499328525 792467984 857471326 257580457 654052560 65606130
833883164 209630104 5977963 388660358 619263830 806443112
243196265 231552408 632577416 769375546 719181488 655504916
969 999
755615664 429163556 248631370 635227560 947677911 720862888
2793760 8388355 4710080 2448844 1994399 2007804
354367089 575524330 735053445 917188850 857289642 578717770
4044879 1077001 7477047 3400455 9563223 725596
994 959
850966677 600457281 402781770 300819640 582799150 635078348
308844778 468720463 677343941 30027206 364287104 795895736
819822098 898132290 288148202 464982665 485192447 993472408
383948113 423228891 282398544 253563156 34736601 886641244
958 1000
235489146 963450620 213972929 323944967 830438050 544399972
919676743 662900690 296287914 325039001 806112248 910878369
772323194 865021909 984104418 126426941 125858630 497940373
857685148 289682851 129592428 556812076 682101175 331762229
954 983
632796865 954764244 832996771 654179907 50164940 331697951
1855787 4508855 9468204 4096960 5121373 1717777
725113408 564086424 152035308 196426700 246152407 254633288
5877585 2589395 520761 8952036 7619447 9805859
984 992
256683490 874795957 582652345 293302038 796692537 742153800
7626419 5609516 8387222 8824563 6605130 9033465
635685827 677825974 675048827 278984341 165306113 94774853
7248065 6433897 3966479 9782140 283690 1043004
967 999
976757907 818546217 298529068 977199105 240965117 24039776
6859355 6523618 7737608 9962445 5073623 3819784
486964722 7972020 112212222 394410590 965469560 346625935
1252199 7190126 9458575 5915805 5187634 4038898
975 965
410092474 341028690 83997689 935629297 838973248 833323025
1512723 374569 7812991 8983932 2217223 6356033
139400602 752252015 782524302 242276122 567233510 489322696
3934325 4312764 2064577 5315688 6673739 7685286
980 963
199009932 323024994 412710507 360329506 369490206 558115204
5555604 1918938 1933363 2783157 771839 9233941
717647940 189348143 197249173 952226103 665865073 479385477
4357793 8794312 4038340 5041152 7975267 2348057
981 969
909737089 367450086 247847199 978344169 143523904 794646554
508638693 817997282 622492933 432616016 986831940 931914954
97249108 463370221 127655449 553688894 342714969 173780515
386570607 129112542 27370351 406424274 198145251 70442089
991 953
804008847 426006223 671035538 711824832 497574061 975348664
854482578 887422655 89792235 308883886 892846226 116467367
228334883 657666862 733457123 215395462 601375598 729356547
694473969 645190142 618356987 909367758 795957771 517566804
956 979
664824376 858153418 574202432 579366018 734491016 996573061
5848817 5310016 3255619 2379335 423935 1774819
409886070 405566124 347878426 973473027 596825399 450647781
7401279 455597 6778800 8754268 5191428 8716320
977 960
806084137 315975030 959987021 472194665 19026704 904354339
2475032 4391878 7709967 6916816 3852038 8475489
202112583 852712143 767861761 61104134 969980718 728623126
3060050 7744466 663139 1055253 1947916 6523595
1000 1000
97757432 84110822 628897545 693463948 957914468 825089773
763685683 864317279 879535309 735020961 839663565 817816847
97757432 84110822 628897545 693463948 957914468 825089773
486279783 481768911 418706674 945199424 556237449 966152713
989 954
127029766 509524750 702415166 727573195 592589610 564708670
862817366 508254013 33858510 99745766 103796127 43374766
490773597 110522942 134071722 752678452 259982565 513944062
627880021 519774165 265197961 135612021 793504687 4020460
969 967
761301997 336087827 402311809 352662652 803482594 896547253
525698022 933389600 835515735 357228621 710968673 952672135
443292710 995145404 433083377 194763625 268233085 482339015
557141299 1801755 836500057 486089019 113434849 758190630
996 987
157746931 59793179 18392950 642964468 984523010 260192723
671649022 690856709 939577719 107655905 391339521 4169084
902325563 432254167 147561906 40993463 497864771 33722034
350867312 980227290 705782471 234156219 76721058 879491103
1000 1000
188671750 5708577 297641350 284844711 574271738 118086714
824593863 763707677 57007738 574732177 589541644 542020106
860061359 450568462 0 0 112453428 80242274
816084777 297218673 543278702 987023758 336783214 821418020
991 988
8584 9912 738 9063 6912 6725
100 10 30 20 19 37
9155 7152 4563 5039 9374 3363
4 100 18 86 100 10
1000 1000
1 2 1 0 0 1001
1000 999 1 0 998 1000
1 2 1 0 0 1001
1001 1001 0 0 1000 1001
956 962
9321 8921 5713 7362 4450 5910
1005 5616 2081 2918 7574 5527
3166 3819 6648 9849 6851 7090
7596 6725 1157 8215 5074 5463
1000 1000
1000000 2000000 1 0 999999 1000000000
500000 501000 1 0 1999 1853081
50216 514 7 445 6737 998500201
36336 33663 63 36 33 1787783
979 966
514808096 952837175 919344827 477460096 614516559 738631445
899598554 249883247 677799147 294288249 177936798 416775437
733165303 500223930 320497245 555763704 841479259 224130361
509977464 996035812 614563604 517996806 384025718 862892764
992 995
395063147 974710822 811905261 437924115 286635306 242459418
8769923 7685540 672058 8599724 68301 8553351
130887699 634092378 616588521 804890453 781011266 22109659
6639220 4400816 9665139 588269 1052260 2376671
970 969
378385958 191521914 133277463 109831038 418424978 924341429
2479533 3619944 2740074 5348729 7871341 562778
212005136 750296786 622524853 840493720 880351286 622317054
8331928 1815971 3246471 6037501 5108474 8160533
960 976
9417 3884 1064 8057 5558 8892
62 33 93 2 11 2
7730 3445 3309 4905 8320 2452
14 72 64 45 79 34
977 977
696937502 921199563 60657143 490666640 675695442 276888697
402699645 865724241 643367567 552369458 508966377 516044250
190637460 366865723 702161884 140812064 322716963 542499349
402121573 170203303 216150606 244525829 687454251 659936852
1000 1000
743572698 221339227 106698784 618591795 475447684 544660860
814714870 900627605 633322325 649700198 513441185 940608095
743572698 221339227 106698784 618591795 475447684 544660860
814714870 900627605 633322325 649700198 513441185 940608095
991 994
39103833 732979178 432817858 896511217 593327303 737904915
8697612 996764 8075113 493898 4337687 4518809
220482124 188281816 407405879 85753908 984868809 612055531
4333658 5735842 4082932 8883099 1673248 2562520
986 958
362292095 682520831 405111394 849940231 859995428 114350866
232486915 703902541 380044012 983340529 211320979 561420430
843536326 995581771 132739358 993417392 465499422 437019931
650329647 198117778 534932887 830867102 664386140 749263267
994 999
566951399 943858998 695137320 611793924 457074263 677846028
427106856 124457231 469645256 860260105 897321735 876644821
486941083 237661198 852320928 747673683 457977490 896889558
811018376 887115237 729860027 998918208 171297005 416577512
957 953
574368517 56649221 978168878 960155730 160554289 895673984
5530375 111645 6513188 9545242 6159186 2373868
225983905 358915401 959089134 729485038 662387732 381640961
9275528 8281839 6779095 3931271 3439373 1001525
955 955
361684291 683744543 715022238 401562339 306235790 575482310
532663198 171380701 874334175 819251774 807768014 381439954
509375341 730463319 853600880 744182668 104470593 690974394
491469655 945171633 337543746 374104616 600423172 20593352
974 995
58692199 71818320 487441226 575186086 608300750 434170477
4004605 4420915 1797400 9184916 6459334 9234326
1605269 981809718 523586479 600063822 489914819 593584110
2446973 5790208 5711837 4542947 9653215 7185207
956 962
897648120 980325304 122818972 340070715 859378172 639766865
7829941 1907724 4686156 2609312 7941025 144623
185833975 609176829 572266448 795047472 608175194 566471421
3502337 6841267 8341856 4649127 5049806 3322273
971 999
403666269 715725484 554611458 95732038 774646573 763156446
5007779 7480725 3494615 5411311 8398001 293759
615553464 469795178 319033221 647458628 510711871 295739301
2303841 3339018 1310446 2121187 5956143 5893829
976 963
636560050 140032531 126580500 487002639 311088911 226155143
351415548 847372559 870029055 554919757 249404054 346166910
804933366 825411781 860582438 857719217 715469601 344237631
25480827 861393456 287826240 659783995 178052162 156936695
978 963
855112948 73575200 264864609 358748541 506632318 321299590
769918619 775669604 945879715 874081018 901386835 896694645
220615948 364553756 58425722 826190747 519695250 345974342
821292185 740326217 637186125 988057857 772336194 871371390
997 970
918767488 878317272 673268720 783167953 742607331 975868479
884877301 637480099 137810086 387552824 177324783 920463841
40534489 145551997 78593860 487678852 850860882 976100798
768445180 471841450 369565020 230306196 517926194 503478894
989 979
389194992 594090523 235812768 412505548 316387807 19531575
464999872 66397981 739377848 825393843 143901807 835721936
698099622 89575533 341699225 246876419 319299282 201679493
452038383 889492824 25646659 389871759 773586945 369887813
971 987
280606396 643648027 537781440 887316225 75400781 130173270
44968 4877105 2276404 1467699 53315 775223
862403056 231201350 923101938 250700172 926693165 157755713
3469451 1738915 8407771 5245116 1827170 9283875
957 953
985605415 977010860 206001897 496099667 689822797 333906400
937438729 505030271 219158176 643644373 358671214 818523857
473285917 268933604 258854857 517865070 174158326 34827377
308418097 501556280 163015098 808856658 179411039 199383799
951 986
27858366 178392917 27898807 826279654 677650413 70050779
787272990 395773507 719553827 281062554 127330735 212845794
674793606 799727756 998657116 543639345 127130890 937115212
184535490 381117898 559610409 129197972 930594351 377409080
2 1000
99999 1 0 0 0 999
99998 2 0 0 0 999
1 2 3 4 5 131071
2 3 4 5 6 262145
991 964
983232746 953591128 495484235 355096800 532885604 840827626
828768089 177478677 784784480 697242750 217097113 321449937
565844382 781071809 719444426 712860202 288011380 601425223
126230088 465763989 769653658 677233636 70635917 828528290
991 985
76196958 871561548 205380953 73960595 215784151 127094237
2575254 1641152 899952 1288688 3386281 9171087
164690493 523369019 791774985 839412342 384006977 796363478
2926178 950104 825048 7626268 7867594 5585381
990 983
881297719 899819010 260117610 666398752 937600668 930453030
2363301 6500974 9261038 7096753 2558728 6490993
315045773 604852587 75679888 831145204 62916544 921758326
9477859 5103530 212850 5734818 1066899 4581093
995 960
48393389 873182544 874610908 842603241 444208009 702739678
275518726 475204961 935043802 39164961 90821479 974072467
962651868 294668632 80392817 568231039 954320201 890284323
536765059 531605225 767802042 563646896 497604946 147591579
963 953
1468 4269 7419 8569 8752 2358
6385 2102 3501 8299 3256 8238
1612 4659 439 4634 472 3791
8362 9764 7732 1890 8310 5524
951 989
670118333 168519365 680444778 485479404 136586925 67316556
1341448 9425593 8614315 6917470 6092971 1096053
687004474 584366332 214975822 948691542 663781588 920150215
2720249 4157655 86246 1993181 1908995 9032639
988 983
1183 5474 8302 1161 3561 5814
5075 7363 410 4877 1244 6679
5216 4268 3291 2676 839 7601
3776 4969 8950 8310 6483 8307
964 989
388435257 326659120 324423677 291967958 428762881 140622347
981667553 265343383 873807875 838651079 603639956 691134279
300491987 489736306 44353924 107981338 588950094 521343822
718144033 966537210 267787907 828431567 774167288 384215702
992 970
689342002 43593788 289399515 451336503 220813050 942742515
2468643 3706297 7644076 9454490 9903811 6673169
412111613 254663210 488655934 54889713 330391887 350990063
2020971 5665300 3500330 6296158 4730696 6236424
951 995
350106578 295985177 99243909 677404829 758107745 222432222
790384269 625442337 568618524 374350923 149950856 961388298
761786236 180512900 45060772 195131131 213064096 744529192
979372071 601227624 58216168 63500109 734658857 212756088
964 996
327590729 288135459 858016683 131050243 669746824 776308804
174011085 788975844 225000785 8381762 396713020 532398831
21148703 30452214 267026426 70638473 912413009 591346924
809470570 645178832 345121031 823713398 542517095 294540500
998 978
936469300 976469859 983630079 33288220 728838309 294886563
5086459 4673008 9375425 4512196 7527493 5982140
146434594 74600397 772964493 822595090 281553070 655202972
9190103 6959680 4886384 9987732 5409314 7205286
961 966
961819523 903260794 299924456 719595282 295644923 333640137
1568498 2230446 5074116 6304084 4705305 7982419
936518816 399537497 951505202 523690706 582356515 547977820
818943 4450015 7267067 4927099 6208721 5768411
990 969
58073990 217469878 13677125 972227371 948060531 708597478
273109987 317868994 133419303 183187806 807173701 271706356
242525674 252484979 929614774 707059917 425163630 942521843
471512740 570511995 325542536 331941445 247836812 192071810
956 958
955917917 679736648 529040276 968167263 223892311 717877047
735877168 286475893 837945558 205514475 56514215 761593390
443519980 809253686 945897200 180979533 450931414 298754659
174642519 117999073 697741425 432337711 289806102 132053399
980 980
950 7927 6003 4617 55 5887
41 70 42 58 2 41
6855 2390 411 4553 9131 9729
79 65 26 88 68 84
976 994
4171 2067 3096 9724 1429 8591
92 11 28 99 63 50
908 4636 982 2657 7884 6447
47 24 81 33 31 91
990 955
329886443 381527768 691887102 204281155 190108434 383517422
133439215 840172764 453699659 913733662 519009127 583052825
101900401 129052507 974554447 783803628 698055915 945679674
667496014 835066815 89920547 745307900 302734450 658759284
968 983
1638 2085 5240 8994 6505 7495
8261 9989 5406 4755 3355 4108
653 2442 990 6302 967 6338
3231 2479 3498 6641 6911 5534
968 996
34 9255 4330 4308 30 8777
1779 9028 1113 7383 2312 5058
227 8893 6657 879 1825 2835
7829 6940 9525 9703 6537 8386
965 958
609050398 347318996 149304323 597044365 981834251 796632141
7866858 9266661 6157730 6495661 3845560 424946
115764829 573055068 359855446 85847233 21040117 208942358
6997359 7054090 1348348 391983 6049348 3748580
978 952
658433460 457181474 640493130 496041712 841427703 749375044
4215864 9195859 4664985 8256240 7308550 9813223
736916398 716635321 739074996 61661323 107309389 908790741
8092368 3237115 1492655 5445544 4735715 8789699
972 962
812904457 159153344 307981777 792442539 331974267 392521560
357193472 690012776 624267597 362205213 161477131 919488532
406303244 645465456 975438921 585759552 547187493 338940512
100500479 700216364 970312461 325776103 303739520 107729492
961 960
160964129 506925726 118628090 57467384 639725223 734385823
569571598 551539543 105895389 228462231 891073456 131903205
39472787 675708008 76619291 920421654 985283263 481702343
826105611 450995929 612052501 665134034 735565064 548418320
980 997
443391732 971376519 996262901 282825621 48180794 868902674
846410878 144981833 559814883 69452776 993730707 941939084
183246785 861995167 8837100 810867067 504598741 974500445
855858091 398669689 441121602 187195742 835532065 126071944
952 983
71663512 214120365 344706752 147221851 460578116 537584392
794899946 376916588 117636566 31936270 234797032 51730647
195305773 530171736 563442011 878572713 433384811 929316960
742723550 369214955 368195771 580860082 727511273 461462334
959 973
671944825 247662184 322755329 354031382 641709583 704410596
9865431 4626525 5952279 5262339 7952376 7077365
468840125 591862021 50355161 213808554 796057103 899333137
7644267 9029055 1610847 914361 3098039 5438926
970 989
811710195 46787589 120772621 208525940 537748541 395899020
4315264 6394104 8180814 3821963 5595130 6006661
912994626 891456336 36156404 777996978 694356638 80611155
3086550 4968684 890180 2765455 2170231 6101925
961 994
458398175 537901238 286728846 353452721 662340392 767398716
887204691 362487680 238431796 43667634 231017210 535803557
563793623 275280105 160383091 880080004 522128933 516516803
269280389 636363783 487493910 554856364 820572108 15632155
970 984
267272769 642364249 756087211 472225876 950117341 413241523
1260757 2343096 1729533 1260501 4227531 8298748
153166684 272521298 949482197 687930848 798963596 112536874
6523841 2492308 7887041 9362834 4418292 9467075
965 979
762047626 217668615 568681367 758646059 536787367 615326336
9646908 7729 3830266 1536463 4470707 3997679
399942365 330915615 332897000 60762377 414403789 832432302
2923860 9167143 1036272 8043036 559168 2651225
972 972
72794055 22113579 558381621 304543234 100232398 542227710
6569121 9440933 4856549 9697500 6049877 4324852
778796640 628456425 218039430 93315734 892400505 501477257
4398750 2564130 6687409 1274375 4940111 8462852
