100
5
0 2 1 1 2
1
0
6
2 2 2 2 2 2
100
49 49 48 47 47 46 46 46 45 45 45 45 45 44 42 41 41 41 40 39 38 38 38 38 38 38 38 37 37 37 36 36 34 33 33 31 30 29 29 29 27 27 27 27 26 26 25 25 24 24 23 23 22 22 22 22 22 21 20 20 19 19 18 17 17 16 16 16 16 16 15 15 14 14 14 13 12 11 10 10 9 8 8 8 7 7 7 6 6 5 4 3 3 3 2 1 1 1 1 0
100
17 2 39 27 36 47 6 1 35 25 20 29 38 26 30 16 47 28 13 5 34 18 49 49 37 14 25 21 33 40 19 46 22 41 28 9 48 13 8 3 42 12 10 44 18 32 11 21 4 6 2 27 45 20 12 41 5 3 23 44 9 32 22 39 0 48 29 7 42 34 37 35 8 31 17 40 15 10 26 19 11 1 36 7 30 31 4 24 0 43 14 45 38 46 24 43 33 15 16 23
100
49 49 48 48 47 47 46 46 45 45 44 44 43 43 42 42 41 41 40 40 39 39 38 38 37 37 36 36 35 35 34 34 33 33 32 32 31 31 30 30 29 29 28 28 27 27 26 26 25 25 24 24 23 23 22 22 21 21 20 20 19 19 18 18 17 17 16 16 15 15 14 14 13 13 12 12 11 11 10 10 9 9 8 8 7 7 6 6 5 5 4 4 3 3 2 2 1 1 0 0
3
0 0 1
99
0 0 1 1 2 2 3 3 4 4 5 5 6 6 7 7 8 8 9 9 10 10 11 11 12 12 13 13 14 14 15 15 16 16 17 17 18 18 19 19 20 20 21 21 22 22 23 23 24 24 25 25 26 26 27 27 28 28 29 29 30 30 31 31 32 32 33 33 34 34 35 35 36 36 37 37 38 38 39 39 40 40 41 41 42 42 43 43 44 44 45 45 46 5 47 47 48 48 49
56
27 27 27 27 27 27 27 27 27 27 27 27 27 27 27 27 27 27 27 27 27 27 27 27 27 27 27 27 27 27 27 27 27 27 27 27 27 27 27 27 27 27 27 27 27 27 27 27 27 27 27 27 27 27 27 27
35
14 15 12 16 13 3 12 0 17 11 0 9 8 3 7 15 8 8 8 17 16 3 17 16 7 1 16 14 7 5 6 3 2 17 0
99
5 6 8 8 29 3 48 43 47 21 10 16 24 27 22 3 33 30 31 23 21 44 22 49 2 40 47 26 38 30 34 43 38 44 1 20 48 1 15 45 22 27 13 48 4 35 3 39 15 35 13 38 31 37 38 34 28 37 12 18 20 48 11 10 42 15 32 40 18 47 38 43 27 1 43 33 39 47 23 6 34 38 47 15 25 35 1 3 24 13 21 44 13 35 7 6 0 39 48
51
25 0 25 0 0 0 25 0 0 0 0 25 25 25 0 0 0 0 25 0 25 25 25 0 25 0 0 0 25 25 0 0 25 25 25 0 0 0 0 0 0 0 25 25 25 25 25 0 0 0 0
3
1 1 1
100
0 1 2 3 4 5 6 7 8 9 10 11 12 13 14 15 16 17 19 19 20 21 22 23 24 25 26 27 28 29 30 31 32 33 34 35 36 37 38 39 31 41 42 43 44 45 46 47 48 49 49 48 47 46 45 44 43 42 41 40 39 38 37 36 35 34 33 32 31 30 29 28 27 26 25 24 23 22 21 20 19 18 17 16 15 14 13 12 11 10 9 8 7 6 5 4 3 2 1 0
51
6 10 16 5 2 8 9 12 7 4 12 22 6 21 5 23 15 0 14 1 25 13 22 17 1 11 1 20 18 5 17 1 15 9 8 19 18 19 5 25 25 18 23 5 13 2 2 5 5 1 6
99
46 35 18 40 25 40 22 26 1 14 8 24 43 39 2 41 14 25 1 45 15 42 38 8 23 47 35 37 18 48 4 14 36 24 6 11 15 28 40 18 44 48 42 37 38 47 31 2 22 32 49 39 24 37 48 47 36 35 36 4 35 41 21 21 17 27 33 32 8 23 0 2 23 45 40 11 42 21 15 16 3 16 6 27 4 6 26 40 41 13 47 26 6 18 48 23 45 33 6
99
1 1 1 2 3 3 3 4 4 5 5 5 5 6 6 7 7 8 8 8 9 9 10 10 11 11 12 12 26 15 16 16 16 17 17 18 18 21 21 22 22 23 24 24 25 26 26 27 27 28 28 28 29 29 29 30 30 30 31 32 32 32 33 33 34 35 35 35 35 36 36 36 37 38 38 38 38 39 40 40 41 41 42 42 42 42 43 44 44 44 44 44 46 46 47 48 48 49 49
100
0 0 1 1 2 2 3 3 4 4 5 5 6 6 7 7 8 8 9 9 10 10 11 11 12 12 13 13 14 14 15 15 16 16 17 17 18 18 19 19 20 20 21 21 22 22 23 23 24 24 25 25 26 26 27 27 28 28 29 29 30 30 31 31 32 32 33 33 34 34 35 35 36 36 37 37 38 38 39 39 40 40 41 41 42 42 43 43 44 44 45 45 46 46 47 47 48 48 49 49
100
49 49 49 49 49 49 49 49 49 49 49 49 49 49 49 49 49 49 49 49 49 49 49 49 49 49 49 49 49 49 49 49 49 49 49 49 49 49 49 49 49 49 49 49 49 49 49 49 49 49 49 49 49 49 49 49 49 49 49 49 49 49 49 49 49 49 49 49 49 49 49 49 49 49 49 49 49 49 49 49 49 49 49 49 49 49 49 49 49 49 49 49 49 49 49 49 49 49 49 49
46
22 8 8 21 17 12 19 13 13 15 18 12 8 16 12 5 15 0 17 10 3 3 10 19 21 18 11 0 14 6 21 8 14 6 6 8 19 2 15 3 11 5 15 19 21 21
100
49 47 47 23 45 44 44 44 43 42 40 40 40 39 39 39 39 38 37 37 37 35 35 34 34 34 33 33 33 32 32 32 30 29 29 29 29 28 28 28 28 28 26 25 25 24 23 23 22 22 22 21 20 20 19 19 18 18 18 18 18 17 17 17 17 16 16 16 15 15 14 14 14 13 12 12 11 11 10 10 10 8 8 7 7 7 6 6 6 5 5 5 4 3 3 3 2 2 1 1
100
7 30 34 7 6 4 40 14 29 16 27 31 12 15 4 36 48 22 5 0 22 46 34 42 45 44 5 47 0 17 48 10 47 32 19 4 38 11 20 19 27 49 0 41 14 6 29 12 30 34 15 4 30 49 46 28 43 1 27 45 18 25 5 18 9 24 24 48 35 46 17 12 45 20 3 11 28 32 23 9 18 38 13 49 37 12 29 32 13 6 28 34 33 33 4 42 10 28 42 47
52
25 25 25 25 0 0 0 25 25 25 0 25 0 25 25 0 0 25 25 25 0 25 25 25 0 25 0 25 25 0 25 0 0 0 0 0 25 0 25 0 0 25 0 0 25 25 25 25 0 0 0 0
56
27 0 0 0 0 0 0 27 0 0 27 27 27 27 0 27 27 27 0 0 0 0 0 27 27 27 0 0 17 0 27 27 27 0 0 27 0 0 0 27 0 27 0 0 27 0 27 0 27 26 27 27 27 27 0 0
100
0 1 2 3 4 5 6 7 8 9 10 11 12 13 14 15 16 17 18 19 20 21 22 23 24 25 26 27 28 29 30 31 32 33 34 35 36 37 38 39 40 41 42 43 44 45 46 47 48 49 49 48 47 46 45 44 43 42 41 40 39 38 37 36 35 34 33 32 31 30 29 28 27 26 25 24 23 22 21 20 19 18 17 16 15 14 13 12 11 10 9 8 7 6 5 4 3 2 1 0
100
5 40 18 4 36 44 10 44 48 40 32 28 1 10 40 11 48 3 6 16 41 12 0 45 0 16 15 32 21 38 28 26 31 49 32 19 43 42 15 43 34 47 21 35 9 12 48 9 15 5 25 6 19 27 3 19 45 18 4 16 8 32 44 39 31 26 10 26 20 25 19 6 24 43 42 35 7 42 44 22 47 21 30 17 0 35 38 45 3 42 11 11 27 7 3 10 35 15 39 5
100
26 37 28 48 13 15 32 30 11 31 24 23 28 5 49 20 2 40 25 10 45 21 24 3 6 29 1 11 20 9 17 3 13 32 7 4 48 46 33 44 39 35 16 37 41 42 43 4 27 16 27 40 44 22 34 47 12 17 1 31 8 19 38 18 6 42 45 15 29 26 22 39 19 14 43 41 46 47 36 12 36 34 25 8 30 9 5 38 10 14 33 35 7 2 21 49 23 18 0 0
14
5 1 2 5 2 0 1 5 5 5 4 0 4 3
100
33 47 18 34 40 42 17 28 5 0 45 12 2 16 12 17 7 45 43 2 46 26 0 6 5 32 29 9 43 17 19 3 27 47 29 23 41 36 35 20 39 31 48 37 38 25 11 35 15 44 38 4 40 9 44 19 36 42 16 13 24 21 15 24 41 3 22 30 20 26 25 11 33 37 28 7 32 27 21 46 6 34 14 14 13 49 31 8 49 10 22 8 48 30 1 10 23 39 18 4
20
2 2 0 2 3 4 6 9 7 8 5 4 8 7 1 0 1 0 0 8
56
13 5 26 17 22 7 10 13 14 26 27 11 12 6 19 26 7 2 1 22 7 0 13 13 22 25 18 5 19 0 22 5 5 16 22 27 0 16 24 26 14 24 22 10 17 13 9 24 27 22 2 18 22 15 3 16
100
41 8 14 17 1 8 3 8 0 49 32 48 21 14 17 21 49 7 17 2 0 30 16 29 38 21 39 23 36 30 29 29 39 45 47 42 3 2 3 3 1 37 3 22 2 20 44 3 28 13 8 30 43 24 11 31 47 2 5 33 33 36 13 22 31 12 16 34 14 19 37 17 9 41 40 11 13 36 14 41 49 24 23 44 48 34 26 47 37 31 31 20 19 46 44 0 10 10 36 26
19
6 8 8 7 9 6 6 0 7 4 8 9 9 2 3 9 0 2 1
100
20 19 2 4 43 0 22 45 33 9 31 49 28 21 38 42 1 31 16 35 0 40 18 30 28 3 39 36 34 23 41 17 21 16 17 10 11 13 34 42 38 8 5 20 3 47 15 12 10 9 19 2 4 12 37 22 1 11 37 27 12 44 5 13 23 48 39 14 24 7 36 47 32 14 27 29 25 44 41 30 26 43 29 45 49 25 35 46 8 15 33 6 7 26 40 46 6 18 32 24
100
0 1 2 3 4 5 6 7 8 9 10 11 12 13 14 15 16 17 18 19 20 21 22 23 24 25 26 27 28 29 30 31 32 33 34 35 36 37 38 39 40 41 42 43 44 45 46 20 48 49 49 48 47 46 45 44 43 42 41 40 39 38 37 36 35 34 33 32 31 30 29 28 27 26 25 24 23 22 21 20 19 18 17 16 15 14 13 12 11 10 9 8 7 6 5 4 20 2 1 0
100
49 49 48 48 47 47 46 46 45 45 44 44 43 43 42 42 41 41 40 40 39 39 38 38 37 37 36 36 35 35 34 34 33 33 32 32 31 31 30 30 29 29 28 28 27 27 26 26 25 25 24 24 23 23 22 22 21 21 20 20 19 19 18 18 17 17 16 16 15 15 14 14 13 13 12 12 11 11 20 10 9 9 8 8 7 7 6 6 5 5 4 4 3 3 2 2 1 1 0 0
96
26 9 19 27 14 40 16 26 46 34 36 30 10 16 30 29 46 16 43 37 25 34 10 29 42 31 23 5 10 23 41 36 0 28 31 14 36 15 41 3 17 29 33 43 14 32 25 12 0 36 18 41 38 28 38 32 11 14 38 37 5 47 41 5 43 24 35 32 7 28 35 24 26 36 20 8 20 13 20 36 1 6 45 8 2 36 40 29 18 46 18 23 13 11 28 9
99
26 46 5 16 45 18 42 46 8 37 7 12 23 39 19 25 32 36 25 45 1 44 18 23 32 13 37 4 38 29 5 12 30 10 14 43 47 41 47 35 3 40 22 11 33 34 38 8 24 6 16 24 7 18 11 0 48 28 48 41 34 31 33 27 17 0 35 20 4 43 20 31 15 19 13 2 14 9 42 1 21 40 49 27 36 2 44 10 29 15 22 21 28 17 30 3 39 9 6
100
49 49 49 49 49 49 49 49 49 49 49 49 49 49 49 49 49 49 49 49 49 49 49 49 49 49 49 49 49 49 49 49 49 49 49 49 49 49 49 49 49 49 49 49 49 49 49 49 49 49 49 49 49 49 49 49 0 49 49 49 49 49 49 49 49 49 49 49 49 49 49 49 49 49 49 49 49 49 49 49 49 49 49 49 49 49 49 49 49 49 49 49 49 49 49 49 49 49 49 49
100
0 1 2 3 4 5 6 7 8 9 10 11 12 13 14 15 16 17 18 19 20 21 22 23 24 25 26 27 28 29 30 31 32 33 34 35 36 37 38 39 40 41 42 43 44 45 46 47 48 49 49 48 47 46 45 44 43 42 41 40 39 38 37 36 35 34 33 32 31 30 29 28 21 26 25 24 23 22 21 20 19 18 17 16 15 14 13 12 11 10 9 8 7 6 5 4 3 2 1 0
100
49 49 49 49 49 49 49 49 49 49 49 49 49 49 49 49 49 49 49 49 49 49 49 49 49 49 49 49 49 49 49 49 49 49 49 49 49 49 49 49 49 49 49 49 49 49 49 49 0 0 0 0 0 0 0 0 0 0 0 0 0 0 0 0 0 0 0 0 0 0 0 0 0 0 0 0 0 0 0 0 0 0 0 0 0 0 0 0 0 0 0 0 0 0 0 0 0 0 0 0
99
0 1 2 3 4 5 2 7 8 9 10 11 12 13 14 15 16 17 18 19 20 21 22 23 24 25 26 27 28 29 30 31 32 33 34 35 36 37 38 39 40 41 42 43 44 45 46 47 48 49 48 47 46 45 44 43 42 41 40 39 38 37 36 35 34 33 32 31 30 29 28 27 26 25 24 23 22 21 20 19 18 17 16 15 14 13 12 11 10 9 8 7 6 5 4 3 2 1 0
100
0 0 1 1 2 2 3 3 4 4 5 5 6 6 7 7 8 8 9 9 10 10 11 11 12 12 13 13 14 14 15 15 16 16 17 17 18 18 19 19 20 20 21 21 22 22 23 23 24 24 25 25 26 26 27 27 28 28 29 29 30 30 31 31 32 32 33 33 34 34 35 35 36 36 37 37 38 38 39 39 40 40 41 41 31 42 43 43 44 44 45 45 46 46 47 47 48 48 49 49
100
43 47 18 7 31 16 5 23 37 0 36 10 38 31 17 37 14 38 15 28 32 25 13 26 13 30 16 44 42 29 47 46 40 34 0 19 29 3 11 40 10 4 12 19 22 1 45 49 33 17 46 45 29 7 9 5 34 8 27 41 22 35 41 14 44 20 26 36 18 8 23 2 3 6 21 33 48 6 48 1 35 24 43 27 42 39 12 9 2 20 39 24 15 32 49 25 30 28 8 11
99
49 49 49 49 49 48 46 44 44 42 41 40 40 39 39 38 37 36 36 35 35 35 35 34 33 33 32 32 31 31 31 30 29 28 28 27 27 27 27 27 27 26 26 26 25 24 24 24 23 23 22 22 22 21 20 18 18 17 17 16 15 14 14 14 14 13 12 12 12 12 11 11 11 11 11 9 8 8 8 6 6 6 6 5 5 5 4 4 4 4 3 3 3 1 1 1 1 1 0
27
4 4 1 4 13 10 0 12 5 5 6 8 11 5 9 1 10 0 8 2 0 2 3 9 2 10 3
99
49 49 49 49 49 49 49 49 49 49 49 49 49 49 49 49 49 49 49 49 49 49 49 49 49 49 49 49 49 49 49 49 49 49 49 49 49 49 49 49 49 49 49 49 49 49 49 49 0 0 0 0 0 0 0 0 0 0 0 0 0 0 0 0 0 0 0 0 0 0 0 0 0 0 0 0 0 0 0 0 0 0 0 0 0 0 0 0 0 0 0 0 0 0 0 0 0 0 0
99
49 49 49 49 49 49 49 49 49 49 49 49 49 49 49 16 49 49 49 49 49 49 49 49 49 49 49 49 49 49 49 49 49 49 49 49 49 49 49 49 49 49 49 49 49 0 0 0 0 0 0 0 0 0 0 0 0 0 0 0 0 0 0 0 0 0 0 0 0 0 0 0 0 0 0 0 0 0 0 0 0 0 0 0 0 0 0 0 0 0 0 0 0 0 0 0 0 0 0
100
0 0 0 0 0 0 26 1 2 2 2 3 4 4 5 5 6 6 6 7 8 8 8 8 8 9 9 10 11 12 12 13 15 15 15 17 18 18 18 19 19 19 19 20 22 22 23 23 24 25 25 25 25 26 26 27 27 27 28 28 30 30 30 30 31 31 32 32 33 34 34 35 35 35 35 36 36 37 39 40 40 40 41 42 42 43 43 43 43 44 44 44 45 46 47 47 48 48 49 49
99
49 49 49 49 49 49 49 49 49 49 49 49 49 49 49 49 49 49 49 49 49 49 49 49 49 49 49 49 49 49 49 49 49 49 49 49 49 49 49 49 49 49 49 49 49 49 49 49 49 49 49 49 49 49 49 49 49 49 49 49 49 49 49 49 49 49 49 49 49 49 49 49 49 49 49 49 49 49 49 49 49 49 49 49 49 49 49 49 49 49 49 49 49 49 49 49 49 49 49
51
0 0 0 25 25 0 0 0 25 24 0 0 0 0 0 0 0 25 0 0 0 0 25 25 0 0 0 0 25 0 25 0 25 25 25 0 0 25 25 25 25 25 0 25 0 0 25 0 25 0 0
3
0 0 0
99
49 48 48 47 47 46 46 45 45 44 44 43 43 42 42 41 41 40 40 39 39 38 38 37 37 36 36 35 35 34 34 33 33 32 32 31 31 30 30 29 29 28 28 27 27 26 26 25 25 24 24 23 23 22 22 21 21 20 20 19 19 18 18 17 17 16 16 15 15 14 14 13 13 12 12 11 11 10 10 9 9 8 8 7 7 6 6 5 5 4 4 3 3 2 2 1 1 0 0
99
49 49 48 48 48 47 46 46 46 44 44 44 43 41 43 43 43 42 42 42 40 40 39 37 36 34 34 33 33 33 32 32 31 31 30 30 29 28 28 27 26 26 26 25 24 22 22 22 20 19 19 19 18 18 18 18 18 18 17 16 15 14 14 14 13 12 11 11 11 11 10 10 9 9 9 9 9 8 8 8 8 8 7 7 7 7 6 6 6 4 4 4 4 3 3 1 1 1 0
13
3 5 5 3 3 1 4 4 0 2 1 5 2
89
38 31 22 44 22 24 7 4 27 5 34 34 24 4 20 42 43 23 12 25 14 18 9 13 41 9 12 12 8 13 40 9 0 25 8 29 11 23 33 0 28 30 34 14 34 9 12 39 39 24 19 9 4 36 29 8 0 42 27 15 10 22 24 17 9 40 1 20 25 42 21 8 27 17 29 23 34 41 17 28 27 43 44 32 34 29 2 41 33
99
0 0 0 0 0 0 0 0 0 0 0 0 0 0 0 0 0 0 0 0 0 0 0 0 0 0 0 0 0 0 0 0 0 0 0 0 0 0 0 0 0 0 0 0 0 0 0 0 0 0 49 49 49 49 49 49 49 49 49 49 49 49 49 49 49 49 49 49 49 12 49 49 49 49 49 49 49 49 49 49 49 49 49 49 49 49 49 49 49 49 49 49 49 49 49 49 49 49 49
100
0 0 1 1 1 2 3 3 4 5 5 5 5 5 6 7 8 8 9 10 11 11 12 13 13 13 14 15 15 15 15 15 16 16 17 17 17 17 18 18 18 19 20 20 21 21 21 23 24 24 25 26 26 27 27 28 28 31 31 31 31 32 32 33 33 33 33 34 34 34 36 37 37 37 38 38 38 38 39 40 40 41 41 41 42 42 43 44 44 44 46 46 46 47 48 48 48 49 49 49
86
32 2 14 17 39 21 14 4 42 3 31 39 10 10 31 37 15 13 8 7 25 23 25 27 3 39 42 4 40 38 20 29 32 26 4 29 5 10 33 39 13 13 35 15 23 23 2 38 28 10 37 10 26 20 30 21 16 29 17 5 16 37 35 6 20 31 27 17 33 17 14 38 22 41 11 2 14 5 32 42 7 27 2 33 39 32
51
25 25 25 25 25 25 25 25 25 25 25 25 25 25 25 25 25 25 25 25 25 25 25 25 25 25 25 25 25 25 25 25 25 25 25 25 25 8 25 25 25 25 25 25 25 25 25 25 25 25 25
51
25 25 25 25 25 25 25 25 25 25 25 3 25 25 25 25 25 25 25 25 25 25 25 25 25 25 25 25 25 25 25 25 25 25 25 25 25 25 25 25 25 25 25 25 25 25 25 25 25 25 25
100
0 49 0 0 49 49 49 49 0 49 0 49 49 49 0 49 49 49 49 49 0 0 49 0 49 0 0 49 49 49 0 49 0 0 49 0 49 0 49 0 0 0 49 49 49 0 0 0 49 49 0 49 49 49 49 0 49 0 49 0 49 0 49 49 0 0 49 0 0 49 0 0 49 49 0 0 49 0 0 49 0 0 0 49 49 0 0 0 0 49 0 49 49 49 0 0 49 0 0 0
68
19 29 0 10 4 15 8 32 13 22 15 16 12 27 33 17 3 29 25 33 16 33 21 2 13 22 2 31 16 19 22 1 14 31 19 26 12 27 24 33 23 5 23 2 7 30 27 10 26 26 17 16 25 12 26 5 0 28 10 16 13 6 17 1 3 11 1 23
3
0 1 1
99
47 11 39 24 37 25 45 37 24 29 7 45 15 36 32 45 48 25 7 36 21 30 5 34 20 31 44 16 9 14 7 6 28 46 32 17 24 27 4 0 6 12 45 22 48 29 19 49 6 26 35 28 8 42 14 31 23 8 47 32 25 6 41 3 5 23 20 31 3 26 45 9 38 28 33 39 7 4 38 14 32 25 44 41 19 8 24 43 17 23 27 42 30 20 47 37 46 19 18
74
34 1 11 33 15 4 30 2 5 0 20 26 22 0 29 1 5 29 12 16 14 13 10 18 9 33 21 13 33 3 2 9 19 29 5 35 11 35 0 16 13 20 5 35 35 12 36 3 4 27 34 19 3 22 15 12 18 14 3 15 32 20 24 30 12 7 6 23 20 6 18 33 5 1
12
4 0 3 1 5 0 5 1 1 5 3 2
61
30 30 30 30 30 30 30 30 30 30 30 30 30 30 30 30 30 30 30 30 30 30 30 30 30 30 30 30 30 30 30 30 30 30 30 30 30 30 9 30 30 2 30 30 30 30 30 30 30 30 30 30 30 30 30 30 30 30 30 30 30
99
0 49 49 49 0 0 49 0 0 49 0 49 49 49 0 0 49 49 49 0 0 49 0 49 49 49 0 0 49 49 49 0 0 0 49 49 49 0 49 49 0 49 0 49 0 49 49 0 0 0 0 0 0 0 49 49 0 0 0 49 49 49 49 0 0 49 49 49 49 0 0 49 0 49 0 0 0 49 0 0 0 0 49 0 49 0 49 49 0 49 0 0 49 0 0 49 49 49 0
99
49 49 49 49 49 49 49 49 49 49 49 49 49 49 49 49 49 49 49 49 49 49 49 49 49 49 49 49 49 49 49 49 49 49 49 49 49 49 49 49 49 49 49 49 49 49 49 49 49 49 49 49 49 49 49 49 49 49 49 35 49 49 49 49 49 49 49 49 49 49 49 49 49 49 49 49 49 49 49 49 49 49 49 49 49 49 49 49 49 49 49 49 49 49 49 49 49 49 49
61
0 5 0 0 30 0 26 0 0 30 30 0 30 30 0 0 30 0 30 30 30 30 0 0 0 0 0 0 30 0 0 0 0 30 0 30 30 30 0 30 0 30 30 0 0 30 0 30 0 30 30 30 30 30 30 30 30 30 30 0 30
99
0 1 2 3 4 5 6 7 8 9 10 11 12 13 14 15 16 17 18 19 20 21 22 23 24 25 26 27 28 29 30 31 32 33 34 35 36 37 38 39 40 41 42 43 44 45 46 47 48 49 48 47 46 45 44 43 42 41 40 39 38 37 36 35 34 33 32 31 30 29 28 27 26 25 24 23 22 21 20 19 18 17 16 15 14 13 12 11 10 9 8 7 6 5 4 3 2 1 0
46
10 7 17 21 19 14 19 11 13 15 8 11 13 10 19 2 3 19 9 4 15 4 21 19 0 19 5 5 16 20 0 3 5 17 18 18 2 8 6 16 18 8 21 2 19 17
5
0 1 2 1 2
40
9 7 4 13 16 11 11 0 2 5 11 4 13 2 8 19 18 18 7 12 12 9 11 2 17 15 1 11 14 1 2 3 8 6 16 5 18 0 5 12
100
0 11 10 27 25 15 24 2 23 20 28 32 8 18 37 33 7 22 28 17 34 43 44 31 16 36 43 42 46 18 0 21 33 35 22 39 41 25 19 15 14 8 30 27 8 19 9 49 5 2 13 4 48 23 47 42 40 40 38 39 45 32 6 16 5 38 41 14 24 35 1 9 30 47 45 44 31 3 12 13 29 36 21 20 17 1 15 37 10 3 12 7 49 48 11 46 29 26 34 6
56
27 27 27 27 27 27 27 27 27 27 27 27 0 27 27 27 27 27 27 27 27 27 27 27 27 27 27 27 27 27 27 27 27 27 27 27 27 27 27 27 27 27 27 27 27 27 27 27 27 27 27 27 27 27 27 27
2
0 0
61
26 7 29 29 11 18 4 22 28 27 1 17 30 20 25 3 18 11 24 5 10 19 16 24 22 21 15 5 9 12 27 2 19 26 0 28 13 4 20 8 30 19 25 27 8 20 30 25 29 21 30 8 9 16 11 29 6 27 3 13 6
99
49 48 48 47 47 46 46 45 45 44 44 43 43 42 42 41 41 40 40 39 39 38 38 37 37 36 36 35 35 34 34 33 33 32 32 31 31 30 30 29 29 28 46 27 27 26 26 25 25 24 24 23 23 22 22 21 21 20 20 19 19 18 18 17 17 16 16 15 15 14 14 13 13 12 12 11 11 10 10 9 9 8 8 7 7 6 6 5 5 4 4 3 3 2 2 1 1 0 0
56
26 11 13 23 25 19 23 2 15 3 24 25 25 5 26 8 4 15 0 5 0 13 24 18 5 21 21 0 25 7 20 23 3 17 19 12 21 26 14 20 1 22 1 10 27 0 2 3 15 14 9 0 11 17 18 16
99
0 0 0 0 0 0 0 0 0 0 0 0 0 0 0 0 0 0 0 0 0 0 0 0 0 0 0 0 0 0 0 0 0 0 0 0 0 0 0 0 0 0 0 0 0 0 0 0 49 49 49 49 49 49 49 49 49 49 49 49 49 49 49 49 49 49 49 49 49 49 49 49 49 49 49 49 49 49 49 49 49 49 49 49 49 49 49 49 49 49 49 49 49 49 49 49 49 49 49
100
0 1 2 3 4 5 6 7 8 9 10 11 12 13 14 15 16 17 18 19 20 21 22 23 24 25 26 27 28 29 30 31 32 33 34 35 23 37 38 39 40 41 42 43 44 45 46 47 48 49 49 48 47 46 45 44 43 42 41 40 39 38 37 36 35 34 33 32 31 30 29 28 27 26 25 24 23 22 21 20 19 18 17 16 15 14 13 12 11 10 9 8 7 6 5 4 3 2 1 0
99
49 0 49 0 0 0 0 0 0 49 0 0 0 15 0 0 49 49 49 49 0 0 0 49 0 0 49 0 49 49 0 0 0 49 0 0 49 49 0 0 0 49 0 49 49 0 49 0 0 0 49 0 0 49 0 0 0 49 49 49 49 49 49 49 0 0 49 0 49 49 0 49 0 0 0 0 0 49 0 0 49 0 49 49 49 49 0 49 0 49 0 49 0 0 0 0 0 49 0
100
1 10 15 14 42 17 33 11 34 13 19 31 7 19 44 35 2 32 26 18 39 12 47 29 35 9 48 44 45 14 38 2 28 34 23 36 0 12 33 36 47 41 17 22 4 43 28 9 4 49 3 45 42 30 41 24 21 37 20 46 1 5 0 11 25 43 48 22 31 46 10 27 6 39 26 7 27 16 3 6 20 37 32 30 8 13 40 16 15 23 5 40 24 21 18 29 8 49 25 38
100
0 0 0 0 0 0 0 0 0 0 0 0 0 0 0 45 0 0 0 0 0 0 0 0 0 0 0 0 0 0 0 0 0 0 0 0 0 0 0 0 0 0 0 0 0 49 49 49 49 49 49 49 49 49 49 49 49 49 49 49 49 49 49 49 49 49 49 49 49 49 49 49 49 49 49 49 49 49 49 49 49 49 49 49 49 49 49 49 49 49 49 49 49 49 49 49 49 49 49 49
52
10 5 9 18 4 7 16 13 21 11 1 2 7 23 18 14 1 15 7 10 5 22 9 22 15 10 11 20 1 4 13 13 11 22 5 17 5 22 5 1 9 8 3 19 6 23 7 9 14 16 20 22
100
38 33 14 39 1 28 36 49 24 25 47 45 10 30 9 40 23 12 8 13 37 9 49 3 42 43 16 40 44 27 6 48 21 19 12 27 13 4 20 28 42 6 14 17 19 44 3 36 29 7 7 15 21 5 0 18 26 43 41 1 31 2 0 22 31 40 11 25 46 32 2 35 16 34 24 23 4 30 11 29 8 22 10 48 33 47 35 26 41 46 17 38 20 37 34 39 5 45 32 18
100
49 0 0 49 49 49 49 49 49 49 0 0 0 0 49 49 0 0 49 0 0 49 49 49 49 49 0 0 0 0 49 49 0 49 0 49 0 0 0 49 49 0 49 49 49 0 49 49 49 0 0 49 49 49 49 0 0 49 0 0 49 49 49 49 0 49 0 0 49 0 49 49 49 0 0 0 49 49 49 0 49 49 49 49 0 0 49 0 0 0 0 49 49 49 24 0 49 49 0 0
100
49 49 49 49 49 49 49 49 49 49 49 49 49 49 49 49 49 49 49 49 49 49 49 49 49 49 49 49 49 49 49 49 49 49 49 49 0 0 0 0 0 0 0 0 0 0 0 0 0 0 0 20 0 0 0 0 0 0 0 0 0 0 0 0 0 0 0 0 0 0 0 0 0 0 0 0 0 0 0 0 0 0 0 0 0 0 0 0 0 0 0 0 0 0 0 0 0 0 0 0
99
0 2 2 3 4 4 5 6 6 6 7 7 7 8 9 9 9 9 12 12 12 12 12 12 13 13 13 14 18 18 18 18 19 19 20 20 21 21 21 21 22 23 23 23 23 24 24 24 25 25 25 25 25 26 26 28 29 29 29 29 30 30 30 30 31 31 32 33 34 34 35 35 35 35 37 37 38 38 38 39 39 39 39 40 40 40 40 41 41 41 42 43 44 44 45 46 48 49 49
56
0 0 27 0 0 0 27 27 27 27 0 27 0 0 0 27 0 27 27 27 0 0 27 27 27 0 27 0 0 27 27 0 27 0 0 27 27 27 0 0 0 0 27 0 0 27 27 0 0 27 0 0 27 27 0 0
52
25 25 25 25 25 25 25 25 25 25 25 25 25 25 25 25 25 25 25 25 25 25 25 25 25 25 25 25 25 25 25 25 25 25 25 25 25 25 25 25 25 25 25 25 25 25 25 25 25 25 25 25
100
0 0 0 0 0 0 0 0 0 0 0 0 0 0 0 0 0 0 0 0 0 0 0 0 0 0 0 0 0 0 0 0 0 0 0 0 0 0 0 0 0 0 0 0 0 0 0 0 0 0 49 49 49 49 49 49 49 49 49 49 49 49 49 49 49 49 49 49 49 49 49 49 49 49 49 49 49 49 49 49 49 49 49 49 49 49 49 49 49 49 49 49 49 49 49 49 49 49 49 49
99
14 6 4 7 13 30 16 47 21 14 24 22 33 44 46 42 28 15 35 17 39 33 39 13 9 5 1 3 28 19 43 29 8 8 41 2 25 11 23 12 27 20 43 9 6 44 20 38 18 40 22 49 42 40 10 26 37 19 27 25 31 48 37 36 30 38 35 7 18 24 21 36 34 45 17 41 32 34 3 2 12 48 29 0 1 26 46 5 16 4 23 0 10 45 47 15 11 31 32
56
20 20 13 21 10 21 4 20 0 0 17 8 2 23 12 8 22 13 3 22 10 7 23 14 5 23 1 25 22 25 20 26 17 6 19 27 11 8 3 23 8 20 16 22 0 0 2 22 25 5 16 8 24 23 6 1
51
0 3 9 21 6 4 10 9 2 11 24 9 15 16 24 13 13 14 0 4 21 11 16 13 4 7 7 8 21 0 7 24 5 16 19 13 22 5 22 0 16 22 10 8 12 10 8 25 24 23 3
100
0 1 2 3 4 5 6 7 8 9 10 11 12 13 14 15 16 17 18 19 20 21 22 23 24 15 26 27 28 29 30 31 32 33 34 35 36 37 38 39 40 41 42 43 44 45 46 47 48 49 49 48 47 46 45 44 43 42 41 40 39 38 37 36 35 34 33 32 31 30 29 28 27 26 25 24 23 22 21 20 19 18 17 16 15 14 13 12 11 10 9 8 7 6 5 4 3 2 1 0
99
0 0 1 1 2 2 3 3 4 4 5 5 6 6 7 7 8 8 9 9 10 10 11 11 12 12 13 13 14 14 15 15 16 16 17 17 18 18 19 19 20 20 21 21 22 22 23 23 24 24 25 25 26 26 27 27 28 28 29 29 30 30 31 31 32 32 33 33 34 34 35 35 36 36 37 37 38 38 39 39 40 40 41 41 42 42 43 43 44 44 45 45 46 46 47 47 48 48 49
100
20 43 30 12 25 33 3 31 6 18 31 14 45 0 7 13 39 28 18 13 2 21 47 5 32 40 5 20 18 21 32 38 14 15 0 42 48 3 23 6 24 7 20 21 9 29 37 0 8 7 16 12 30 13 19 15 4 25 35 24 48 19 12 14 34 32 6 34 20 32 40 46 41 12 20 0 42 7 0 2 16 16 14 47 32 33 12 38 10 49 12 10 18 26 25 5 41 33 39 14
