100
2 1
500 300
900
660
2 1
500 300
1500
809
2 2
50 100
450 449
1100 1101
2 1
500 300
300
500
1 8
10
11 13 17 11 16 14 12 18
2 7
8 5
11950 11592 12266 12832 13492 13160 12840
8025 8017 8020 7995 8855 7653 8592
2 8
6 9
6618 6729 6010 6612 7260 7163 7036 7326
10165 10020 9485 9918 8999 8910 9927 8991
1 8
3
5159 4590 4795 5100 5036 5100 5500 4665
1 3
9
18000 18348 17046
2 4
2 8
14 9 18 12
48 88 56 38
1 5
235412
999864 877680 675724 890597 821398
2 8
10 5
18717 16254 17856 18700 17030 16914 18594 18700
7650 7650 8932 8403 8024 8515 7730 9185
1 4
8
14858 5820 12975 3200
1 7
9
9 9 9 99 9 99 9
1 5
10
27117 12647 18700 6947 22000
1 7
93270
585735 512916 956905 703512 779366 592721 985209
1 2
2
17 16
1 7
5
8229 8504 9350 9153 8490 8992 7903
2 1
1 10
100
1000
1 5
237136
680897 972016 403572 731062 809785
2 4
4 5
4140 3960 4400 4088
5358 6050 5264 5500
1 5
5
1478 1084 2250 536 2000
1 8
10
2 1 8 3 4 7 6 5
2 8
8 1
11738 5182 12421 18400 1575 8032 7703 12240
1452 2300 1514 1071 197 1015 639 1870
1 3
1000000
900000 899999 900001
2 6
1 1
4 2 8 11 3 11
9 9 2 4 8 3
2 7
4 2
414 440 396 364 406 400 360
200 187 220 210 180 202 187
2 1
4 5
7200
9000
2 8
7 5
1325 3601 3878 693 2310 6160 4621 2800
1350 3600 2596 3195 2959 456 2000 964
2 4
7 4
2704 3043 2520 2828
1760 1616 1562 1678
2 6
299750 927016
81302 850285 859272 951860 853347 720395
987092 745384 629898 988824 959997 932398
2 4
7 3
3000 2800 2520 2610
1141 1272 1320 1200
2 8
9 6
63 9 9 99 49 72 17 54
6 39 34 48 6 44 54 11
1 3
2
220 374 540
2 8
1 8
453 300 753 800 220 440 107 638
811 2880 6063 3628 6400 2400 1721 4808
1 7
20529
961910 343923 433964 757695 875310 668906 972860
2 8
3 3
4860 4928 1684 2400 3472 5521 6038 5586
5441 5657 6068 4777 5940 2400 1625 3846
2 8
7 1
7 7 7 7 7 7 77 7
9 1 1 1 1 1 1 1
2 3
9 1
14850 13204 13509
1350 1350 1501
2 2
8 7
19200 17422
16800 15962
2 8
4 5
427 7040 374 10000 5121 9266 3600 3696
6361 4934 7200 12500 5500 486 12321 536
2 5
6 4
25 28 66 12 36
36 8 19 16 24
2 3
18871 305445
999944 870276 876149
997268 999463 947367
2 8
3 8
5100 5100 4869 5150 5049 4837 5610 5610
13600 12240 14491 13291 12240 12502 12666 13600
1 1
10
1054
1 2
5
29 45
2 4
2 3
435 198 660 757
317 810 1195 621
2 8
1 2
2310 2300 900 2107 505 785 2090 1155
2399 1800 4340 1073 4600 3420 3780 1701
1 8
9
17964 20071 19800 19456 17820 19188 19800 20948
2 4
4 2
4 36 4 4
2 2 22 2
2 2
5 8
12374 11802
16766 18636
2 8
9 3
1800 4860 990 4495 3693 6976 6300 2524
2382 1445 600 1250 270 2100 873 1980
1 2
9
19518 20655
1 1
3
330
2 7
2 10
1198 1208 1320 1128 1234 1252 1077
5400 6435 5990 6040 6131 6181 5941
2 1
375006 656961
904056
965683
1 6
8
57 40 88 8 16 25
1 2
6
4194 4620
2 1
15344 749117
706033
787772
1 8
7
1400 1482 1274 1492 1418 1540 1319 1301
1 1
6
5817
2 8
88760 58883
971100 981736 752231 728226 750896 926169 970687 852541
788834 999115 482018 912761 927459 388027 578361 776239
2 5
500543 5936
474178 518118 596904 701460 562292
314885 958436 949640 999900 609127
2 8
3 6
3 27 3 3 3 3 3 3
6 6 6 66 6 6 6 6
1 7
8
4856 820 3246 3850 5040 2400 1440
2 1
79476 146887
839581
987109
2 8
686481 323973
741090 738048 875686 698425 775930 188097 997307 794883
493620 453651 416723 732471 692269 982058 802880 993860
1 6
4
3980 4444 3649 4332 4356 4295
1 5
2
3400 3267 3572 3060 3070
1 4
3
601 4320 5551 1722
2 1
7 3
1429
602
1 3
116663
992129 830843 688795
2 8
165548 45250
886179 902708 262522 899616 943817 696204 994099 614875
605791 760456 778673 957724 121900 357015 929719 793583
2 8
9 7
9 17 81 18 44 81 18 18
77 15 14 7 15 77 33 13
1 7
4
36 16 4 28 34 19 29
2 8
4 5
1306 764 1807 4400 2585 9000 1200 1600
1500 13750 3583 1044 2000 4500 2332 1538
1 8
6
11745 8755 15951 7665 10260 7586 14487 600
2 2
7 3
1400 770
600 270
1 4
1
1739 1772 1800 1980
2 3
1 9
326 185 90
990 2872 1660
1 7
2
2 2 2 18 2 2 2
2 8
8 1
51 48 56 24 39 88 32 41
5 7 7 9 3 4 5 6
2 8
7 4
28 35 38 63 33 21 51 41
18 12 44 19 20 16 27 22
2 2
5 9
550 923
810 1727
1 8
2
1320 1262 1000 643 1730 784 364 220
2 2
8 7
16 88
63 14
2 6
333648 302437
882970 982178 622427 735625 871986 921304
944467 948343 507579 445196 417536 910011
2 4
5 3
37 45 25 10
33 15 21 6
1 5
5
5 5 45 5 5
1 5
417107
886596 274260 602707 822631 838714
2 5
3 6
4153 3894 3510 3665 3836
7846 8580 7788 8319 7682
2 3
2 8
1015 1122 998
3672 3992 4058
2 2
6 10
11880 5117
8433 24200
2 8
7 6
2800 2800 3000 3080 2760 2520 2710 2537
2377 2465 2181 2640 2400 2400 2160 2211
1 4
3
3600 853 5799 660
2 2
10 10
10 48
10 47
1 2
4
440 412
2 6
4 8
7402 8298 3080 8333 5600 1625
5040 16731 3220 14734 14945 11200
2 8
1 1
1000000 999999 999998 999997 999996 999995 999994 999993
999992 999991 999990 999989 999988 999987 999986 999985
2 7
10 9
4356 4189 4400 3601 4000 4166 4000
3240 3690 3670 3600 3461 3600 3401
