100
770 953
819 672
114 927
750 557
293 842
890 978
931 214
308 442
119 32
370 585
911 614
806 178
550 44
298 204
357 145
609 16
893 777
221 859
909 316
343 401
766 501
591 312
921 686
554 934
770 168
423 254
755 595
389 513
41 50
690 714
459 201
401 514
952 490
906 820
41 527
676 885
12 357
225 437
171 839
198 401
41 425
75 243
447 615
227 195
857 185
442 821
736 545
110 693
479 791
653 160
45 743
340 680
843 191
460 389
439 547
106 438
335 813
149 905
345 44
909 922
179 461
291 461
221 250
956 231
520 601
313 114
463 76
749 26
938 70
857 236
965 324
535 819
217 121
237 843
592 16
79 54
94 304
627 207
314 457
120 191
309 300
586 483
433 128
550 195
848 754
860 815
91 351
272 579
651 205
128 700
734 950
53 670
112 155
957 629
682 692
575 410
636 772
238 159
739 887
598 744
