100
1 02
5 000001
6 6090001
0 3
6 5000101
1 71
6 2220201
6 4000051
6 9999999
6 1298682
6 0000001
6 0060005
1 81
1 61
6 0000001
6 0450001
4 00101
0 5
6 3158929
6 0800001
2 728
1 25
6 3518423
5 000002
6 0000001
6 0400301
5 809001
2 008
6 0800001
2 008
3 7261
1 01
6 9811491
1 41
4 20121
1 61
5 000212
2 101
5 120122
1 61
3 2102
6 9537661
6 9000001
6 0494335
6 0004001
5 600441
6 4379537
6 5551421
6 0000001
5 110011
6 1111111
2 701
6 2010211
6 0090001
6 3001901
6 0102011
6 0050001
2 001
6 9360719
6 0000001
6 6000901
6 8708007
4 92355
4 11111
2 597
4 20601
4 00705
6 0790201
4 01411
1 11
6 1600001
6 1111201
2 002
3 7356
0 1
6 7000001
6 1400032
5 591942
6 6000001
4 50101
0 1
6 8045101
1 11
1 01
6 7835391
6 0930081
6 0202022
6 9000061
1 21
6 7893277
4 11111
6 2112221
1 09
5 000902
1 01
6 2120021
6 2210121
6 2090021
6 0012022
5 846546
