100
728.20475 78.14854 240.00015
9997.87846 1.29526 99943.89042
9991.95819 1.31378 99981.24786
9228.00000 28.00000 9561.00000
8342.0 23.0 73300.0
217.72467 77.58188 736.50081
135.651 73.84 506.8817
9998.93214 1.33224 99989.35318
9996.34672 1.43473 99910.08925
6789.0 80.0 9343.0
364.2870 1.5373 1182.33
264.75385 30.12250 635.05944
9994.07234 1.46255 99962.46937
715.94524 13.69249 889.16851
9994.71997 1.46545 99972.65475
1.08351 99.60532 99999.10554
1902.0 18.0 24585.0
474.57095 7.19786 637.86251
49.00000 2.00000 98.00000
9991.00364 1.35019 99992.16004
1.07597 99.82600 99999.24829
922.90756 63.76917 337.97016
9415.0 56.0 40460.0
329.264 23.0904 340.680
67.09054 81.61445 77.28964
9997.80289 1.34166 99962.29746
5748.0 6.0 84394.0
26.9508 93.876 972.925
1538.00000 2.00000 3076.00000
463.8 17.0250 315.3798
9994.42763 1.05246 99996.53255
5048.0 16.0 24455.0
5337.00000 39.00000 5541.00000
1298.3 100.0 194.32899
4361.0 39.0 47439.0
9990.77304 1.05981 99937.82713
9997.03791 1.08586 99964.80273
9991.92508 1.00379 99932.15647
27.29861 87.25952 74.57706
9991.72616 1.11123 99984.98014
9998.35104 1.01636 99960.17285
9992.82276 1.38379 99930.10988
397.0 2.2874 871.0
9994.50669 1.20436 99994.44526
7689.00000 32.00000 7985.00000
9316.00000 2.00000 18632.00000
190.44627 92.07695 875.93360
1896.00000 2.00000 3792.00000
398.0 42.0 624.0
971.07781 32.05207 627.10948
9990.42903 1.33747 99924.15521
3511.0 21.0 68055.0
9991.71852 1.38424 99987.22510
9995.18808 1.24868 99988.08837
9991.74700 1.39062 99962.17797
9525.0 8.0 70609.0
551.3 71.5 701.0
1183.46534 40.82635 1079.45096
551.2191 45.68 100000.0
40.124 62.421 7.37
1231.14385 71.99587 152.74989
9991.33280 1.09257 99932.55632
47.97396 52.22590 1124.93947
246.37 31.80 339.61292
9998.88233 1.44208 99909.50685
880.27067 40.81587 721.34392
964.37114 22.63687 821.288
154.4 16.79 895.4346
9997.76346 1.25746 99939.67679
9994.05662 1.26231 99941.42499
1347.70936 70.41071 506.07814
1.01708 99.56216 99999.79846
9997.00475 1.22642 99916.31255
9996.89184 1.05902 99910.83250
2811.0 58.0 24321.0
9994.00352 1.00394 99964.56070
691.0 7.5 221.0570
90.38142 76.46026 1196.45624
9991.14677 1.39761 99955.82437
2560.0 94.0 29825.0
1.01551 99.65120 99999.75717
9998.06172 1.12994 99957.48370
57.96150 74.51433 22.55763
9998.56271 1.10509 99929.74975
590.98062 14.66379 688.71935
279.11643 90.72053 88.60032
1217.9223 5.77776 591.16627
9994.92477 1.30306 99988.17475
70.4672 40.0 927.76424
944.46519 52.55569 1108.11871
9995.97591 1.28842 99990.17990
10000.0 16.758 551.0
81.88579 12.05615 414.72283
9993.75346 1.40839 99919.28566
9990.18163 1.24046 99960.94687
9990.92162 1.46424 99947.65634
7110.00000 35.00000 7829.00000
400.79329 92.2600 657.40
715.0 66.0 65694.0
8644.0 48.0 55353.0
