100
493.83088 1.31467 1965.22864
152.20 2.5 1573.0
324.163 3.7847 1495.721
331.0 4.0 607.0
198.0 4.0 808.0
495.95195 1.02619 1983.82154
495.01550 1.32891 1905.55643
496.16302 1.40060 1951.74896
461.00000 2.00000 475.00000
179.0 3.0 730.0
473.0 2.0 1418.0
383.00000 1.00000 402.00000
490.0 2.990 480.8203
481.00000 1.00000 529.00000
458.925 3.77 2000.0
209.16046 2.90854 1502.68546
165.7435 2.535 1080.3
498.00902 1.06817 1990.50739
1.02664 3.94350 1999.14591
496.93517 1.06197 1902.31921
338.0 1.0000 1194.06623
493.65676 1.14437 1922.27860
399.85 1.7 1376.078
124.65934 2.61595 1292.94156
498.61349 1.07423 1913.89366
496.48309 1.06817 1972.23646
492.12965 1.24748 1951.31615
466.00000 2.00000 932.00000
221.14723 1.65908 1046.96274
491.33658 1.01114 1968.60350
495.82209 1.06210 1936.21320
494.74175 1.06079 1907.22831
473.06077 1.18175 113.56070
496.39811 1.21513 1982.12060
313.00000 2.00000 626.00000
150.0 4.0 1711.0
1.16248 3.89677 3.06752
3.0 3.0 1685.3
74.47526 1.07 96.68186
493.87453 1.12169 1914.85594
268.25408 2.00209 215.56575
500.0000 1.803 595.24253
494.16048 1.17833 1995.86204
292.67433 1.82431 665.48390
470.0 4.0 894.0
200.18466 2.45553 1096.19756
306.70052 3.04164 305.39764
492.94696 1.14707 1919.08397
491.58123 1.85548 564.38516
99.85645 2.61519 906.32611
326.39956 3.39094 59.63351
34.03288 2.05827 1397.16469
397.00000 2.00000 444.00000
31.98545 1.68749 69.39814
191.93 2.0 306.6
270.07163 3.93992 1479.01911
492.43563 1.40998 1996.72669
494.41501 1.36023 1948.04542
101.952 2.188 1.0
496.90818 1.43706 1911.32854
124.0 2.0 1719.0
298.61160 3.4456 1980.4
425.416 1.64619 113.0
397.75676 3.35864 518.52046
497.38844 1.38266 1983.41893
415.0 3.0 1190.0
1.01226 3.28692 1999.37952
360.52092 3.90465 398.43989
1.01870 3.22965 1999.52492
492.18419 1.45085 1976.72027
1.01899 3.26078 1999.33083
362.0 3.0 757.0
493.61538 1.48573 1930.23989
491.57438 1.43666 1946.09013
92.35052 1.28742 763.90031
98.00000 2.00000 196.00000
309.0 3.0 855.0
360.00000 2.00000 720.00000
495.94369 1.09658 1907.63032
1.00 2.120 33.1
47.43325 3.543 1772.930
495.05099 1.46314 1973.92961
487.0 4.0 703.0
232.0 4.0 552.0
490.64405 1.38052 1955.67792
496.35712 1.10828 1980.28719
491.37609 1.08539 1910.98007
120.31192 2.57527 1424.35381
345.70 2.3 1692.56
6.58149 2.10947 1585.38759
491.44547 1.10000 1957.57781
178.94543 3.75986 718.32617
491.67519 1.19186 1965.36013
490.38075 1.36927 1949.97460
493.68595 1.46921 1901.73595
495.36556 1.31642 1941.72923
356.0 1.0 1650.0
457.7 4.00 814.6
492.10633 1.15140 1961.24299
24.20 3.5536 79.9778
