100
693530740 816257494 835712971
2 4 1
181 630 113
887271086 468612588 982560726
536870911 536870911 536870910
548 236 26
4 2 1
752 161 27
392 861 311
458 168 126
3 4 2
519 805 516
470188726 627007764 582410881
410 868 155
396 696 347
513 513 2
512 512 513
456 549 262
860974893 449438501 638321819
611 712 521
930 514 421
103 143 88
609 472 271
675 523 325
290 940 841
1 1 1
211 710 94
716 391 673
5 4 1
3 1 5
513 513 257
729 981 288
524 455 564
4 1 2
20251741 60834106 449620633
604 579 235
590 516 62
239 42 34
2 5 2
512 512 256
441 760 56
3 3 4
4 187 3
512 512 2
158 923 23
111 832 59
475469399 220327016 685802660
513 513 256
5 5 4
994 489 183
513 513 1
1 5 1
831352812 985456619 894481516
2 5 1
722 420 178
171 933 771
76 740 50
2 4 1
4 4 5
979 183 446
284362538 561105964 775393414
518684683 735509242 618750236
788900564 42112329 165961098
1000 729 942
743 76 221
46 241 798
2 4 2
315 578 208
354 47 28
303 556 518
2 5 5
419201730 316494971 551627375
305 150 55
1000 1000 1
625842489 121452750 741693553
499728143 634294999 859846500
872 903 75
536870911 536870911 536870911
3 1 3
599 915 279
7 8 5
4 1 1
733702024 702251021 708247874
3 2 2
909 584 243
603 86 497
512 512 257
1000000000 1000000000 1000000000
512 512 1
4 5 2
64 941 23
3 2 3
45 56 35
1 1 1000
1 1 1
14 584 5
513 513 512
506 806 218
81581848 810083648 817471050
2 2 5
