50
3
0.78 0.96 0.91
0.65 0.04 0.39
3
0.4 0.9 0.1
0.7 0.6 0.3
10
0.75 0.89 0.45 0.48 0.93 0.14 0.10 0.25 0.59 0.71
0.72 0.87 0.61 0.11 0.02 0.82 0.65 0.43 0.99 0.76
10
0.147 0.078 0.853 0.480 0.049 0.833 0.961 0.265 0.559 0.431
0.637 0.510 0.725 0.333 0.755 0.608 0.235 0.569 0.951 0.137
10
0.681 0.707 0.647 0.759 0.716 0.957 0.767 0.845 0.569 0.586
0.164 0.457 0.353 0.362 0.509 0.448 0.138 0.086 0.267 0.500
6
0.44 0.75 0.50 0.56 0.94 0.12
0.62 0.38 0.19 0.31 0.25 0.06
10
0.28 0.62 0.25 0.45 0.08 0.58 0.60 0.55 0.03 0.48
0.77 0.92 0.85 0.66 0.75 0.63 0.98 0.74 0.68 0.69
8
0.05 0.10 0.33 0.19 0.52 0.14 0.48 0.90
0.29 0.76 0.24 0.95 0.81 0.71 0.67 0.57
8
0.12 0.51 0.82 0.78 0.94 0.76 0.33 0.98
0.92 0.65 0.24 0.14 0.88 0.02 0.37 0.16
10
0.08 0.12 0.68 0.96 0.88 0.28 0.16 0.44 0.04 0.80
0.52 0.32 0.48 0.20 0.56 0.76 0.36 0.64 0.40 0.72
10
0.06 0.15 0.13 0.10 0.22 0.02 0.07 0.19 0.25 0.28
0.33 0.39 0.49 0.91 0.99 0.90 0.71 0.52 0.54 0.60
10
0.73 0.05 0.16 0.95 0.09 0.29 0.20 0.39 0.89 0.27
0.41 0.50 0.55 0.63 0.21 0.54 0.93 0.25 0.52 0.37
4
0.13 0.60 0.83 0.33
0.23 0.47 0.53 0.97
7
0.49 0.08 0.78 0.18 0.94 0.69 0.82
0.43 0.16 0.41 0.10 0.45 0.29 0.04
1
0.8
0.6
10
0.361 0.380 0.278 0.861 0.093 0.963 0.343 0.130 0.204 0.565
0.824 0.509 0.398 0.426 0.194 0.537 0.417 0.333 0.370 0.833
10
0.84 0.81 0.98 0.25 0.04 0.49 0.30 0.51 0.67 0.70
0.07 0.21 0.47 0.18 0.95 0.79 0.68 0.46 0.40 0.88
2
0.05 0.43
0.62 0.71
2
0.2 0.8
0.5 0.6
6
0.65 0.66 0.59 0.41 0.90 0.63
0.31 0.24 0.22 0.40 0.34 0.21
9
0.39 0.17 0.38 0.47 0.45 0.51 0.06 0.12 0.23
0.67 0.64 0.93 0.94 0.73 0.85 0.62 0.66 0.79
10
0.16 0.34 0.02 0.19 0.54 0.24 0.59 0.04 0.13 0.18
0.81 0.06 0.90 0.52 0.01 0.49 0.98 0.30 0.73 0.67
9
0.82 0.46 0.60 0.80 0.62 0.28 0.15 0.84 0.34
0.96 0.66 0.79 0.21 0.22 0.67 0.35 0.76 0.72
1
0.6
0.4
10
0.52 0.78 0.79 0.82 0.26 0.12 0.19 0.38 0.04 0.14
0.18 0.23 0.87 0.71 0.10 0.29 0.92 0.84 0.55 0.03
3
0.58 0.26 0.74
0.16 0.63 0.79
5
0.69 0.28 0.31 0.07 0.76
0.93 0.86 0.34 0.03 0.66
10
0.81 0.74 0.56 0.93 0.96 0.85 0.59 0.63 0.70 0.67
0.37 0.52 0.41 0.07 0.11 0.19 0.44 0.04 0.48 0.22
3
0.59 0.18 0.47
0.65 0.76 0.88
8
0.19 0.30 0.97 0.75 0.04 0.17 0.49 0.10
0.13 0.08 0.71 0.32 0.42 0.35 0.48 0.53
10
0.55 0.52 0.89 0.62 0.98 0.86 0.84 0.80 0.69 0.67
0.45 0.30 0.03 0.08 0.41 0.48 0.36 0.39 0.25 0.34
3
0.33 0.08 0.25
0.17 0.58 0.83
10
0.16 0.14 0.28 0.40 0.26 0.07 0.35 0.30 0.02 0.37
0.56 0.84 0.86 0.74 0.95 0.91 0.44 0.72 0.70 0.47
7
0.02 0.10 0.40 0.14 0.16 0.13 0.21
0.84 0.70 0.81 0.67 0.79 0.86 0.94
10
0.932 0.427 0.701 0.556 0.137 0.462 0.957 0.239 0.880 0.034
0.291 0.538 0.709 0.051 0.530 0.316 0.889 0.786 0.368 0.735
7
0.41 0.23 0.68 0.82 0.05 0.91 0.18
0.77 0.64 0.14 0.27 0.55 0.09 0.73
10
0.017 0.076 0.203 0.356 0.127 0.220 0.110 0.178 0.212 0.297
0.576 0.958 0.627 0.424 0.890 0.678 0.703 0.856 0.466 0.415
2
0.2 0.8
0.3 0.7
10
0.34 0.52 0.66 0.40 0.77 0.92 0.13 0.71 0.81 0.11
0.24 0.44 0.55 0.02 0.18 0.48 0.61 0.37 0.42 0.35
3
0.6 0.3 0.1
0.4 0.7 0.9
10
0.84 0.11 0.54 0.43 0.78 0.16 0.03 0.62 0.38 0.51
0.89 0.27 0.81 0.57 0.22 0.35 0.46 0.08 0.32 0.86
2
0.1 0.2
0.9 0.8
10
0.90 0.61 0.92 0.71 0.98 0.67 0.63 0.57 0.94 0.75
0.33 0.08 0.53 0.24 0.49 0.39 0.31 0.37 0.55 0.29
10
0.54 0.89 0.71 0.97 0.69 0.51 0.63 0.91 0.86 0.74
0.06 0.11 0.20 0.49 0.03 0.14 0.40 0.34 0.43 0.29
10
0.33 0.04 0.42 0.07 0.24 0.12 0.06 0.19 0.30 0.02
0.57 0.69 0.66 0.94 0.45 0.80 0.59 0.70 0.99 0.53
5
0.54 0.08 0.23 0.92 0.62
0.38 0.15 0.31 0.77 0.46
3
0.2 0.6 0.9
0.5 0.4 0.8
10
0.74 0.70 0.96 0.65 0.87 0.57 0.52 0.61 0.83 0.91
0.48 0.26 0.43 0.35 0.04 0.09 0.39 0.13 0.30 0.17
10
0.876 0.695 0.429 0.438 0.457 0.905 0.029 0.838 0.295 0.762
0.400 0.057 0.600 0.514 0.086 0.133 0.848 0.200 0.705 0.886
5
0.02 0.85 0.37 0.24 0.63
0.61 0.93 0.95 0.10 0.56
