50
10
0.56 0.13 0.98 0.32 0.49 0.27 0.06 0.17 0.51 0.90
0.71 0.67 0.43 0.44 0.89 0.21 0.59 0.84 0.86 0.76
9
0.70 0.16 0.26 0.74 0.10 0.52 0.38 0.12 0.90
0.64 0.84 0.44 0.86 0.40 0.54 0.42 0.66 0.20
2
0.45 0.40
0.30 0.50
10
0.404 0.317 0.538 0.413 0.808 0.269 0.933 0.548 0.567 0.077
0.683 0.587 0.481 0.904 0.779 0.279 0.817 0.260 0.375 0.702
10
0.458 0.065 0.383 0.617 0.308 0.598 0.215 0.168 0.056 0.402
0.673 0.776 0.794 0.682 0.785 0.766 0.636 0.869 0.757 0.991
3
0.49 0.46 0.37
0.60 0.26 0.94
10
0.94 0.69 0.54 0.77 0.71 0.89 0.80 0.60 0.97 0.57
0.20 0.34 0.11 0.17 0.49 0.51 0.29 0.46 0.06 0.37
6
0.13 0.92 0.34 0.31 0.48 0.05
0.16 0.90 0.87 0.15 0.06 0.81
10
0.09 0.78 0.94 0.25 0.44 0.34 0.50 0.41 0.53 0.22
0.28 0.06 0.59 0.31 0.16 0.19 0.12 0.81 0.75 0.38
4
0.37 0.63 0.12 0.98
0.79 0.84 0.40 0.42
4
0.86 0.64 0.57 0.71
0.14 0.21 0.36 0.43
10
0.32 0.02 0.45 0.82 0.84 0.17 0.43 0.25 0.71 0.78
0.85 0.57 0.31 0.75 0.22 0.93 0.46 0.48 0.94 0.21
1
0.1
0.4
8
0.03 0.31 0.62 0.78 0.05 0.02 0.89 0.14
0.69 0.46 0.68 0.06 0.65 0.52 0.18 0.54
4
0.23 0.52 0.65 0.42
0.61 0.16 0.48 0.29
9
0.27 0.60 0.13 0.83 0.23 0.63 0.40 0.20 0.67
0.37 0.70 0.07 0.87 0.53 0.93 0.47 0.10 0.17
7
0.36 0.22 0.41 0.11 0.78 0.39 0.84
0.38 0.34 0.31 0.19 0.86 0.27 0.73
6
0.35 0.26 0.43 0.17 0.52 0.22
0.96 0.09 0.48 0.83 0.30 0.78
10
0.533 0.917 0.458 0.717 0.583 0.508 0.567 0.783 0.850 0.725
0.342 0.100 0.217 0.417 0.008 0.325 0.175 0.433 0.033 0.400
2
0.9 0.6
0.3 0.2
6
0.02 0.18 0.24 0.13 0.15 0.33
0.73 0.75 0.76 0.45 0.55 0.35
10
0.213 0.852 0.139 0.759 0.815 0.630 0.861 0.880 0.222 0.231
0.574 0.120 0.611 0.787 0.185 0.509 0.056 0.111 0.259 0.454
10
0.28 0.19 0.31 0.50 0.64 0.47 0.06 0.08 0.97 0.75
0.92 0.36 0.83 0.42 0.81 0.72 0.25 0.39 0.53 0.89
9
0.88 0.63 0.03 0.12 0.55 0.25 0.82 0.32 0.28
0.13 0.48 0.40 0.72 0.50 0.08 0.57 0.45 0.95
4
0.94 0.69 0.12 0.88
0.50 0.25 0.19 0.62
10
0.57 0.61 0.13 0.25 0.14 0.47 0.58 0.29 0.08 0.01
0.96 0.95 0.67 0.84 0.88 0.78 0.82 0.76 0.92 0.63
10
0.18 0.06 0.03 0.25 0.67 0.04 0.09 0.66 0.19 0.40
0.84 0.97 0.93 0.70 0.82 0.91 0.94 0.81 0.72 0.78
10
0.17 0.48 0.07 0.59 0.14 0.28 0.79 0.90 0.31 0.41
0.24 0.83 0.38 0.69 0.66 0.55 0.72 0.93 0.03 0.86
10
0.08 0.24 0.26 0.20 0.35 0.05 0.07 0.04 0.01 0.28
0.95 0.79 0.88 0.78 0.36 0.46 0.44 0.86 0.62 0.93
3
0.35 0.53 0.24
0.18 0.71 0.12
3
0.7 0.9 0.8
0.3 0.6 0.4
2
0.18 0.27
0.82 0.32
5
0.59 0.48 0.85 0.70 0.39
0.09 0.37 0.07 0.17 0.20
5
0.08 0.94 0.02 0.32 0.74
0.16 0.14 0.12 0.40 0.46
2
0.4 0.6
0.7 0.9
5
0.89 0.11 0.42 0.47 0.74
0.26 0.95 0.53 0.68 0.79
7
0.08 0.46 0.13 0.26 0.15 0.03 0.32
0.24 0.07 0.53 0.36 0.87 0.10 0.92
10
0.97 0.35 0.70 0.52 0.65 0.23 0.24 0.33 0.58 0.59
0.27 0.86 0.29 0.09 0.08 0.55 0.02 0.83 0.44 0.06
2
0.8 0.4
0.6 0.2
1
0.9
0.6
7
0.03 0.22 0.08 0.09 0.48 0.18 0.23
0.82 0.97 0.80 0.92 0.71 0.69 0.63
1
0.1
0.4
7
0.61 0.33 0.78 0.67 0.76 0.02 0.70
0.98 0.65 0.93 0.89 0.83 0.57 0.09
10
0.90 0.13 0.64 0.51 0.29 0.71 0.92 0.97 0.59 0.49
0.93 0.73 0.85 0.22 0.43 0.86 0.07 0.99 0.33 0.14
4
0.64 0.92 0.72 0.56
0.28 0.52 0.36 0.08
7
0.05 0.21 0.84 0.26 0.74 0.89 0.63
0.32 0.37 0.95 0.58 0.53 0.79 0.11
8
0.92 0.73 0.62 0.96 0.65 0.81 0.88 0.77
0.38 0.31 0.42 0.58 0.50 0.15 0.19 0.23
10
0.32 0.98 0.47 0.68 0.53 0.40 0.42 0.17 0.38 0.13
0.85 0.28 0.64 0.87 0.66 0.94 0.30 0.79 0.62 0.70
6
0.89 0.16 0.53 0.47 0.21 0.84
0.68 0.95 0.58 0.32 0.37 0.79
10
0.02 0.33 0.26 0.05 0.19 0.30 0.47 0.39 0.44 0.28
0.74 0.93 0.53 0.54 0.95 0.68 0.67 0.88 0.98 0.61
