50
10
0.557 0.400 0.617 0.713 0.391 0.696 0.974 0.913 0.330 0.930
0.452 0.443 0.270 0.513 0.139 0.678 0.209 0.722 0.461 0.522
10
0.63 0.36 0.66 0.02 0.77 0.94 0.12 0.68 0.98 0.28
0.22 0.19 0.11 0.42 0.44 0.30 0.81 0.07 0.52 0.71
10
0.314 0.049 0.324 0.127 0.382 0.304 0.480 0.431 0.098 0.225
0.794 0.804 0.853 0.814 0.618 0.824 0.843 0.549 0.667 0.735
6
0.79 0.82 0.86 0.43 0.25 0.11
0.32 0.64 0.61 0.14 0.68 0.50
10
0.77 0.83 0.50 0.80 0.29 0.01 0.56 0.34 0.91 0.09
0.13 0.78 0.99 0.55 0.87 0.46 0.26 0.22 0.24 0.39
10
0.718 0.495 0.010 0.922 0.223 0.796 0.146 0.437 0.184 0.767
0.350 0.019 0.845 0.262 0.680 0.117 0.243 0.971 0.553 0.233
10
0.27 0.19 0.24 0.16 0.11 0.32 0.03 0.14 0.05 0.30
0.84 0.76 0.35 0.70 0.95 0.43 0.57 0.68 0.92 0.38
10
0.61 0.74 0.97 0.49 0.90 0.77 0.64 0.81 0.73 0.83
0.17 0.37 0.31 0.44 0.40 0.39 0.46 0.06 0.20 0.19
10
0.33 0.64 0.94 0.69 0.61 0.53 0.42 0.58 0.03 0.92
0.28 0.19 0.97 0.11 0.75 0.08 0.31 0.47 0.78 0.72
10
0.48 0.38 0.22 0.24 0.04 0.34 0.02 0.28 0.20 0.26
0.80 0.50 0.78 0.94 0.90 0.60 0.52 0.86 0.88 0.98
10
0.641 0.530 0.932 0.590 0.718 0.889 0.444 0.786 0.470 0.521
0.085 0.368 0.128 0.060 0.350 0.197 0.017 0.188 0.009 0.248
2
0.52 0.91
0.35 0.70
7
0.12 0.52 0.10 0.19 0.88 0.43 0.38
0.64 0.40 0.47 0.17 0.86 0.93 0.69
1
0.6
0.8
2
0.86 0.29
0.14 0.52
10
0.62 0.88 0.95 0.77 0.57 0.70 0.65 0.97 0.72 0.75
0.12 0.30 0.28 0.42 0.17 0.18 0.35 0.08 0.13 0.50
6
0.84 0.61 0.59 0.86 0.35 0.24
0.55 0.49 0.04 0.92 0.71 0.65
10
0.48 0.06 0.89 0.47 0.58 0.81 0.76 0.94 0.56 0.51
0.59 0.03 0.85 0.70 0.57 0.27 0.33 0.22 0.21 0.17
9
0.16 0.10 0.30 0.04 0.18 0.02 0.12 0.22 0.08
0.64 0.34 0.42 0.60 0.96 0.46 0.54 0.50 0.48
8
0.74 0.92 0.50 0.81 0.29 0.63 0.97 0.76
0.06 0.23 0.08 0.03 0.01 0.05 0.27 0.12
10
0.573 0.855 0.409 0.745 0.436 0.364 0.973 0.455 0.391 0.155
0.709 0.818 0.582 0.373 0.609 0.282 0.027 0.300 0.009 0.491
10
0.03 0.26 0.06 0.59 0.53 0.91 0.85 0.74 0.50 0.94
0.24 0.88 0.62 0.76 0.65 0.56 0.32 0.68 0.79 0.15
10
0.26 0.31 0.13 0.28 0.23 0.36 0.10 0.33 0.15 0.18
0.90 0.85 0.54 0.97 0.38 0.74 0.46 0.92 0.95 0.79
10
0.09 0.05 0.29 0.16 0.46 0.45 0.36 0.43 0.23 0.11
0.52 0.84 0.75 0.91 0.59 0.66 0.79 0.55 0.95 0.73
10
0.20 0.14 0.66 0.40 0.60 0.63 0.97 0.57 0.83 0.09
0.94 0.03 0.74 0.37 0.34 0.91 0.43 0.54 0.26 0.23
8
0.24 0.50 0.35 0.67 0.63 0.04 0.07 0.17
0.83 0.80 0.09 0.74 0.89 0.52 0.93 0.33
10
0.347 0.158 0.535 0.911 0.941 0.644 0.475 0.366 0.792 0.634
0.406 0.950 0.822 0.960 0.545 0.020 0.901 0.050 0.663 0.683
10
0.97 0.83 0.69 0.66 0.80 0.78 0.95 0.75 0.92 0.73
0.06 0.12 0.38 0.02 0.08 0.47 0.03 0.14 0.36 0.19
9
0.12 0.96 0.88 0.25 0.10 0.27 0.79 0.77 0.60
0.98 0.15 0.08 0.62 0.69 0.02 0.21 0.94 0.90
1
0.2
0.6
7
0.21 0.35 0.72 0.75 0.47 0.42 0.84
0.65 0.32 0.02 0.09 0.74 0.60 0.56
9
0.467 0.752 0.248 0.600 0.105 0.648 0.886 0.848 0.038
0.933 0.219 0.286 0.657 0.124 0.962 0.352 0.210 0.381
10
0.568 0.378 0.027 0.252 0.523 0.739 0.405 0.613 0.288 0.387
0.667 0.054 0.658 0.324 0.874 0.369 0.982 0.126 0.081 0.351
2
0.41 0.35
0.76 0.53
10
0.97 0.22 0.47 0.53 0.89 0.03 0.83 0.78 0.69 0.50
0.39 0.58 0.11 0.08 0.06 0.28 0.44 0.42 0.86 0.14
5
0.39 0.26 0.91 0.78 0.61
0.52 0.30 0.87 0.22 0.83
10
0.74 0.53 0.82 0.72 0.26 0.38 0.76 0.09 0.92 0.91
0.49 0.55 0.86 0.62 0.77 0.14 0.41 0.12 0.19 0.83
1
0.9
0.3
10
0.340 0.796 0.049 0.583 0.078 0.786 0.282 0.272 0.699 0.767
0.709 0.301 0.126 0.816 0.854 0.456 0.971 0.029 0.738 0.621
10
0.42 0.72 0.49 0.74 0.84 0.37 0.63 0.56 0.65 0.70
0.86 0.91 0.79 0.47 0.44 0.40 0.67 0.33 0.28 0.93
2
0.3 0.4
0.6 0.1
4
0.69 0.81 0.88 0.77
0.35 0.15 0.46 0.27
10
0.56 0.77 0.10 0.50 0.28 0.21 0.54 0.92 0.30 0.34
0.16 0.62 0.29 0.44 0.96 0.95 0.03 0.45 0.24 0.25
10
0.92 0.24 0.08 0.38 0.35 0.89 0.41 0.59 0.81 0.11
0.32 0.22 0.70 0.16 0.43 0.49 0.19 0.78 0.86 0.03
10
0.94 0.18 0.71 0.06 0.29 0.62 0.15 0.82 0.32 0.03
0.59 0.88 0.53 0.74 0.38 0.09 0.76 0.35 0.12 0.91
10
0.76 0.91 0.82 0.74 0.71 0.06 0.09 0.50 0.15 0.21
0.65 0.59 0.88 0.29 0.26 0.47 0.79 0.94 0.12 0.56
10
0.31 0.80 0.03 0.97 0.26 0.46 0.94 0.29 0.54 0.74
0.23 0.43 0.51 0.20 0.86 0.40 0.06 0.69 0.91 0.17
10
0.85 0.89 0.47 0.68 0.43 0.70 0.53 0.83 0.60 0.74
0.23 0.26 0.04 0.28 0.30 0.36 0.17 0.32 0.06 0.13
10
0.035 0.407 0.080 0.168 0.593 0.257 0.115 0.310 0.363 0.239
0.726 0.894 0.956 0.708 0.699 0.619 0.841 0.903 0.637 0.850
10
0.30 0.67 0.81 0.78 0.52 0.96 0.41 0.15 0.37 0.11
0.85 0.19 0.48 0.22 0.33 0.44 0.89 0.04 0.93 0.59
