100
2 1
100 20
200 10
2 2
100 20
200 10
3 2
100 10
100 10
100 10
4 2
9 3
7 1
10 1
8 4
7 1
16039 98
3357 308436
3138 347357
3030 336445
3398 378850
3733 333818
16322 35
3 1
26843 2029
28947 2753
205672 21
7 4
369334 15444
9361 609336
9672 589743
124124 45954
13299 428904
28083 203112
61938 92092
5 2
3994 397412
16705 85
3763 325888
3721 317904
16490 89
7 5
110115 121734
240392 55762
531049 25242
424819 31554
76484 175262
59786 224212
114255 117323
10 5
441964 90398
486409 82138
73038 547012
583472 68474
81578 489748
383758 104109
309785 128969
234067 170689
62831 635875
276315 144591
10 2
36114 539380
23824 817628
71386 272871
598126 32567
134481 144847
30146 646161
260919 74656
533749 36495
404451 48162
653006 29830
5 1
28277 2103
23944 2521
28543 2321
272187 59
234283 10
5 1
12057 18
3883 310902
14698 10
3483 334313
3605 361707
5 3
366212 61938
43848 517297
663462 34188
85239 266104
353133 64232
10 3
86361 444470
488051 182878
437792 462237
117270 327443
537825 618053
658326 428235
950254 493549
39561 891101
583529 531701
996566 802882
9 2
182434 270552
150530 327894
118261 417364
996686 49522
69010 715228
590695 83559
413913 119247
340940 144770
705163 69995
3 2
60639 205128
290598 42804
37638 330484
8 5
199752 83421
297414 56028
526194 31668
82708 201474
33292 500526
33579 496248
55614 299628
356454 46748
7 4
11718 867724
78884 128898
103896 97867
72072 141081
552188 18414
22792 446121
60606 167772
3 1
30089 522378
27229 577246
36820 426883
9 6
3271 358651
3377 335832
3420 397947
15889 67
3426 349878
3254 377238
3406 389903
17911 76
3700 330236
10 2
36309 248726
793576 417722
904622 804138
785905 707198
95076 269433
292147 900842
139450 372590
467597 570123
746833 871983
591157 428304
7 3
27450 2025
24507 2616
28367 2360
23131 2438
21539 2399
204684 9
233321 36
4 2
25924 2160
281846 35
20347 2913
23157 2253
8 6
114417 450609
145532 354268
468205 110117
274697 187688
230430 223744
766458 67267
390722 131954
735829 70067
10 7
327187 216191
78629 899603
148956 474871
328419 215380
770818 91766
261129 270881
229917 307654
90602 780721
314239 225099
146808 481819
2 1
23019 2777
267472 92
9 3
26855 481843
115054 112468
417093 31024
217280 59554
637936 20284
54607 236964
132740 97483
316201 40923
97723 132414
8 6
3664 376090
3535 341254
3009 303841
3827 350231
3030 371627
15083 90
3375 361724
19295 9
6 4
463115 208421
716380 134737
749541 128776
119525 807554
307577 313817
784605 123021
9 3
26215 2720
21088 2012
249166 10
25173 2476
20629 2855
229899 42
25517 2424
27875 2831
22882 2340
9 3
27086 2287
22880 2292
21314 2159
26500 2235
23728 2004
22329 2990
258190 14
291515 3
22207 2502
2 1
480350 168120
157081 514107
9 2
201197 956547
230852 918132
935386 312334
540428 267246
465739 126468
494744 208076
292619 527211
573482 248423
294877 573881
7 4
3751 378538
3528 350555
3990 344675
12946 94
15126 51
3904 319893
3431 373638
7 4
195286 36828
231768 31031
328042 21924
18879 380952
10989 654472
266104 27027
108108 66526
2 1
166791 717342
238808 572289
9 5
659181 824276
243736 474293
81443 870672
617491 636221
549512 816229
383749 60749
685787 306431
551259 514583
183044 331549
7 4
169694 51084
543864 15939
27692 313038
119784 72369
158627 54648
266662 32508
509082 17028
4 3
53613 485112
59409 437784
28536 911421
238119 109224
4 1
3535 398658
15616 86
3341 385137
3690 371506
2 1
13491 29
3384 388971
5 3
3761 353545
3098 387007
3098 315570
19273 89
16335 24
4 2
263189 84
25271 2472
20988 2757
27736 2240
9 5
937802 8316
252126 30932
382536 20387
21978 354844
592296 13167
489288 15939
208791 37352
532266 14652
28728 271469
7 3
376866 772711
530669 100142
782374 859553
450122 54009
216982 374607
256510 292686
714576 472333
4 2
3600 378985
3465 357522
12981 86
3397 351325
9 5
110124 162282
201756 88578
907902 19684
274873 65016
730269 24472
22977 777784
62307 286824
388892 45954
162282 110124
9 2
22446 2113
232810 46
28600 2625
25253 2927
28361 2388
25525 2549
24390 2562
223615 15
28143 2284
7 1
882078 86987
747600 927064
938527 842805
283791 841793
3183 330902
499639 311150
394094 597966
10 4
459537 76973
656507 53879
54495 649086
266363 132796
317713 111333
952523 37135
929007 38075
44907 787671
190273 185901
671067 52710
9 5
234961 7
25330 2073
28563 2126
23795 2692
26559 2518
24635 2992
221026 15
22669 2558
22690 2592
2 1
394737 212999
665969 126250
7 4
24744 2327
25943 2441
24944 2370
23205 2971
204142 98
27160 2087
294786 64
3 1
427420 929664
640146 575498
198854 654502
3 1
281655 296462
330625 252552
695758 120013
5 1
283861 261865
447034 166281
90500 821362
466317 159405
207970 357423
10 6
107226 194532
376623 55384
144072 144781
77142 270396
90132 231426
21672 962481
696969 29928
27692 753246
296148 70434
41538 502164
6 2
3184 342678
12610 21
3862 318851
3679 326877
15593 92
3227 301348
1 1
1 1
4 3
437006 625200
354828 257593
841423 140888
671296 540175
5 1
283843 8
26055 2765
291145 10
20758 2059
26076 2017
5 3
230370 686876
54638 630739
606041 631636
469457 369017
255665 682910
5 2
24042 2462
228213 40
25610 2478
277585 46
22187 2995
6 2
496629 562925
209722 590254
752330 571817
851902 963554
349301 382234
134287 506883
5 3
503874 36244
42312 431613
69316 263466
157896 115661
95202 191828
8 4
28310 2148
21310 2156
27481 2511
22678 2352
23083 2951
225333 27
21238 2546
252423 12
6 2
341145 20636
549254 936697
718045 389673
469393 309023
491563 743049
42997 625857
4 1
72638 417613
594572 521816
285390 149913
486569 476582
8 2
12258 28
3162 317300
11377 21
3499 305913
3708 324026
3498 358989
3978 362670
3927 395225
9 5
809991 16872
61272 223041
145521 93912
55384 246753
16146 846412
60606 225492
347139 39368
18354 744588
181374 75348
6 4
492387 133045
755520 86708
978033 66981
210606 311053
368104 177965
313163 209187
2 1
13987 70
3698 317480
10 5
530544 827953
330446 762738
776467 889525
627136 977683
54907 981787
174739 36287
370129 595098
342487 517657
238880 632459
405765 417424
4 3
735771 341475
249925 868532
391438 92159
318467 923479
8 5
23562 591852
264957 52632
23188 601398
87912 158627
276318 50468
157896 88319
626076 22274
40936 340659
2 1
3854 380464
12079 31
2 2
49364 597402
103896 283843
3 1
3496 332894
3087 393371
13598 56
9 3
26998 2416
29134 2634
20911 2849
283939 1
23964 2656
21081 2403
27681 2843
268292 39
27915 2153
10 3
18890 85
3081 379933
3387 327361
3957 375669
19297 31
3778 307943
3742 395055
17995 94
3642 374337
3437 394820
10 10
1000000 1000000
1000000 1000000
1000000 1000000
1000000 1000000
1000000 1000000
1000000 1000000
1000000 1000000
1000000 1000000
1000000 1000000
1000000 1000000
6 2
734568 65166
632137 608269
262278 461931
245999 876637
324201 158398
60191 524311
8 4
389859 154100
98941 607203
83389 720446
87504 686566
112836 532430
776463 77373
712086 84368
288940 207923
8 5
3125 348359
3809 307047
3321 330096
3903 312463
3589 346080
3484 392047
18631 6
11295 37
9 4
284212 85
27781 2601
21357 2927
251498 49
24745 2932
20119 2592
22804 2188
22249 2027
27004 2257
7 4
24969 872712
43911 496248
37944 574287
818524 26622
995193 21896
218776 99603
39928 545751
8 2
29267 636576
180782 103056
31773 586368
24990 745525
247508 75273
32523 572846
47127 395329
803635 23183
2 2
290904 78561
104748 218178
6 4
25336 2266
263930 73
27791 2584
281526 19
27149 2566
25751 2154
8 6
181281 523168
528225 618989
863042 411492
874497 103479
425110 641598
601456 734508
914602 302128
709507 378170
6 1
3187 366831
3707 307107
14682 19
3304 365396
19486 8
3351 328103
8 3
336612 564567
376012 13219
155349 300155
118040 321249
417416 373075
930230 326523
869669 507369
417468 702159
7 1
567250 282136
504826 49269
379984 666258
220426 202301
994303 561902
968551 734475
8204 772416
4 1
3397 391547
16216 98
3721 354141
3944 390911
7 4
13566 336996
346104 13209
920227 4968
4788 954822
13986 326876
17871 255816
74613 61272
10 6
721506 33538
443851 54518
29289 826176
218809 110589
147028 164580
675937 35799
46395 521562
766483 31570
563974 42906
158391 152773
2 1
346123 179856
306849 202876
5 3
42476 534006
56826 399156
25172 901098
64206 353276
34452 658378
3 1
23749 2881
217346 89
27124 2952
