100
2 1
100 20
200 10
2 2
100 20
200 10
3 2
100 10
100 10
100 10
4 2
9 3
7 1
10 1
8 4
9 6
26921 2166
25307 2221
202884 86
27043 2980
277630 92
23905 2780
29985 2874
29199 2016
23266 2744
2 2
408204 48174
339822 57868
8 2
15367 40
10861 7
3135 372199
3948 331297
3611 380327
3519 345763
3567 359346
3396 364459
6 4
646541 262032
524265 805705
882817 9021
486353 393487
402370 540802
602168 184539
8 5
3221 338321
18553 21
3879 328258
3154 310867
16361 75
3783 343460
3580 332382
3663 312182
9 5
713713 3672
527527 4968
23868 109802
515592 5083
37076 70686
23023 113832
127512 20553
12648 207207
118404 22134
5 1
3697 378588
3899 300633
3552 394793
16380 44
11071 23
4 3
36407 270627
386542 885909
470153 121881
934681 185240
10 5
18010 67
19586 37
3011 337708
3801 385788
3106 381941
3625 331246
16403 74
3265 359039
3616 329591
3512 359897
10 10
1000000 1000000
1000000 1000000
1000000 1000000
1000000 1000000
1000000 1000000
1000000 1000000
1000000 1000000
1000000 1000000
1000000 1000000
1000000 1000000
7 1
149246 327166
886251 576309
659705 710791
912586 564843
887453 472800
507294 257208
782021 320695
10 4
203692 20
29825 2445
24205 2876
22597 2213
240630 27
29944 2121
21024 2627
20964 2542
27864 2294
285426 3
10 4
79071 717598
641042 88514
361524 156950
87561 648019
349426 162384
478187 118659
152893 371117
434060 130722
434060 130722
283499 200146
2 1
186522 411068
203980 375886
5 3
27472 2143
27131 2520
23349 2810
277912 23
253112 7
10 4
23095 2186
29922 2566
27096 2609
22387 2281
28076 2210
275149 18
20319 2080
23483 2367
246795 84
265898 41
8 4
183033 616366
202653 118265
271564 326889
112751 835082
146157 264637
113047 93525
918275 884774
229028 110339
10 7
458281 284512
777574 405883
83901 561608
228103 27137
482834 882274
929011 520754
831560 79715
518578 129313
634027 974606
16040 50781
7 4
393563 538426
813332 909824
258056 325616
363720 438207
991403 658975
26493 857841
38191 342588
8 4
233794 329884
103671 743939
299923 257149
273918 281562
750885 102712
265892 290061
138358 557430
163752 470986
3 1
19355 25
3798 364250
3818 389796
2 1
491972 698450
997331 312954
4 3
21890 2689
21421 2651
274009 50
26373 2559
6 4
54868 269514
712008 20769
37324 396198
241164 61318
309256 47817
410872 35991
3 1
3370 344311
3230 337321
11738 29
10 6
13832 988011
634809 21528
100233 136344
809991 16872
179998 75924
281736 48507
186147 73416
35604 383838
392977 34776
22126 617652
9 5
386851 512135
128952 366521
957133 572427
428599 432880
811602 675507
800365 939108
887539 335162
915022 668686
157247 625898
4 1
3930 349655
3842 349062
15128 78
3321 393933
10 7
3919 303285
12733 50
3585 314634
3041 391084
3378 302451
3969 350077
3425 329844
3890 330370
19075 80
19963 10
2 1
17183 46
3403 365157
10 4
263938 521262
571092 91290
777695 177805
424230 810379
464418 801299
548774 977193
811425 497869
345275 8720
348462 435403
725009 61650
3 1
26058 2226
25497 2371
243620 14
2 2
74037 392616
59052 492246
4 2
3406 350331
3125 347311
14794 94
3582 339294
2 2
454212 74046
980056 34317
8 5
551304 22533
167388 74214
736281 16872
16926 733932
14616 849927
210366 59052
60606 204972
428792 28971
8 5
29999 2176
26620 2335
275043 88
20575 2934
20467 2897
27822 2672
231222 21
22684 2936
6 2
908882 62352
590073 96040
496688 114097
264386 214348
117950 480463
223983 253013
4 3
64729 757907
72701 674799
63032 778312
103211 475323
6 3
3904 369244
13400 74
3411 343923
12341 39
3310 376811
3212 344675
3 1
111229 135581
100913 149441
924846 16306
3 2
275442 14
24692 2945
27204 2654
8 6
27310 2855
28877 2558
22292 2062
23204 2949
270311 83
245664 80
28413 2518
26798 2992
2 2
409944 15939
308154 21204
3 2
12341 929016
290444 39474
941528 12177
7 5
108223 847640
490780 186915
369939 247971
590344 155391
579031 158427
118494 774167
821262 111699
9 6
3969 382051
19568 88
3231 331824
3062 373220
16834 12
3021 392709
3441 361243
3951 343175
3537 330260
7 5
641183 115816
132791 559219
594074 125000
336214 220869
131562 564443
192750 385262
758847 97858
9 5
61864 41769
193732 13338
34884 74074
20349 126984
2664 969969
3762 686868
645354 4004
575757 4488
515151 5016
3 1
65966 633207
962831 460754
990001 684594
5 3
232921 46872
77004 141778
263097 41496
27807 392616
34776 313937
2 1
976570 704482
164322 515182
3 1
23625 2828
28147 2911
218864 84
3 1
364135 804991
726092 631720
491239 742097
4 1
548060 86852
356475 133530
351041 135597
264285 180109
7 2
3017 365024
3292 363297
17803 22
12555 74
3558 348105
3538 340293
3890 376516
6 1
816049 249087
195958 286388
675155 956302
470749 429372
436963 677287
213475 374829
9 5
7163 681912
462726 10556
40194 121524
28413 171912
6264 779779
127281 38376
21736 224721
9918 492492
105336 46371
8 4
13517 82
18266 61
3935 395731
3658 378842
3757 363749
3011 317453
3551 386990
3600 383209
5 3
230206 429098
552701 178724
323839 305031
672748 146832
321977 306795
3 1
191185 408441
128965 605496
780753 100016
9 3
483896 822055
90765 705643
214593 49828
765206 399903
862640 944974
5071 738437
364087 53646
670844 814636
459347 55338
9 5
118404 30702
20196 179998
35581 102168
36894 98532
213624 17017
119196 30498
16254 223652
116127 31304
13156 276318
4 2
286266 50
23365 2929
24404 2481
27225 2423
1 1
1 1
5 3
57206 759095
788588 999541
871058 193691
445916 577133
848601 179560
5 1
747904 377802
785656 880703
303077 396953
735439 595329
714562 851648
3 1
3480 333126
13597 91
3133 338542
5 3
449442 55556
370804 67338
402781 61992
158137 157896
42804 583338
7 3
230337 63
28962 2220
23011 2772
29145 2135
293333 82
24123 2370
21653 2665
7 3
41542 757837
93244 337631
293920 107111
745120 42251
820572 38366
35942 875913
590536 53311
4 2
241394 303360
236599 309508
203752 359404
148332 493685
10 6
949716 52374
735816 67599
184667 269352
345506 143964
512302 97092
768453 64728
231942 214452
827793 60088
100233 496248
252126 197284
10 4
76245 495020
67965 555327
44670 844925
647456 58294
398425 94730
314285 120091
283821 132981
205422 183733
292825 128892
63505 594328
9 6
98187 760410
283896 262992
450191 165846
83165 897762
995578 74994
912230 81846
393231 189869
525207 142158
574954 129858
9 5
546722 58398
209189 152625
59613 535579
58398 546722
115061 277483
342316 93269
109550 291442
143186 222979
104920 304303
8 6
187866 504219
145010 653235
127950 740333
160881 588793
334463 283217
202231 468403
153693 616330
104906 902957
2 2
370804 67338
542184 46053
4 1
338915 427297
551598 825408
586942 915110
174554 220070
4 3
359352 71079
912456 27993
582521 43848
539028 47386
7 3
875172 867793
323416 426435
747611 902632
796627 616394
975218 640681
159125 270635
876067 211816
4 2
3310 337892
15565 12
3267 323609
3008 328965
6 2
11719 23
15795 18
3317 344106
3084 309619
3305 368308
3763 398503
4 2
485677 91787
432716 103021
312227 142777
237008 188090
4 1
20713 2660
278341 5
25536 2960
22957 2776
9 2
3125 316078
3578 311662
3883 378990
3894 350251
13534 13
13176 92
3483 311545
3339 321005
3620 385112
7 1
228669 74
20436 2376
27386 2982
22406 2644
276093 59
29302 2734
21398 2140
5 3
87048 135751
67704 174537
287928 41041
42966 275028
22878 516516
10 5
20332 2377
24271 2838
232626 12
286171 37
27448 2031
25825 2181
23353 2582
23660 2522
26938 2892
205463 81
3 2
13632 27
3637 381127
3618 399900
3 1
245076 20
21971 2943
28393 2584
8 3
25356 2129
29163 2119
222256 76
27407 2653
26708 2392
29217 2037
25710 2130
266431 80
2 2
489294 9548
10881 429352
7 2
238558 481462
463314 811679
946028 365249
317399 433711
1922 366208
133132 94327
193804 582743
8 4
875934 106076
186301 498739
102303 908239
956197 97172
845002 109959
462446 200922
314181 295739
493261 188370
5 2
217115 83
21914 2658
25743 2821
21044 2165
249196 54
