100
1 1
540 600
840 900
2 0
900 1260
180 540
1 1
1439 1440
0 1
0 1
742 1440
1 1
596 871
473 596
2 0
1324 1440
263 433
1 1
1324 1440
574 904
1 0
1425 1440
0 1
70 652
0 2
1180 1216
1216 1440
0 2
490 683
476 490
2 0
1079 1429
10 360
0 2
471 517
1096 1440
0 2
974 1440
652 724
2 0
779 1220
1220 1440
2 0
1133 1416
894 1133
0 2
1167 1249
1249 1440
2 0
1317 1384
1168 1317
0 2
180 540
541 901
2 0
448 877
1338 1440
0 2
869 1121
1121 1440
1 0
819 1112
0 2
782 971
1146 1388
2 0
1055 1230
1236 1440
1 1
933 1046
391 552
0 2
1392 1440
1293 1392
0 2
900 1417
1417 1440
2 0
1430 1440
1173 1430
2 0
507 746
746 1124
0 2
1386 1440
1110 1386
0 1
267 908
2 0
0 360
1080 1430
1 1
83 218
218 406
2 0
1173 1440
761 1173
2 0
0 360
1079 1429
0 2
816 1440
781 816
1 1
929 1106
409 929
1 0
935 1440
1 0
947 1440
2 0
999 1028
1080 1440
0 2
1080 1440
10 360
0 2
1080 1440
0 360
2 0
226 308
990 1440
2 0
1413 1440
1366 1413
1 0
1420 1440
0 2
640 659
612 640
0 2
1036 1083
1083 1294
0 2
1129 1146
1146 1440
0 2
442 552
552 829
0 1
281 639
0 2
475 556
331 475
2 0
1226 1440
1173 1226
2 0
1439 1440
0 1
0 2
540 900
180 540
1 1
775 993
993 1440
2 0
1080 1430
10 360
2 0
42 517
517 528
2 0
1119 1270
1270 1440
0 2
771 867
867 1440
0 2
1055 1440
1024 1055
1 0
907 1440
1 0
145 765
1 1
0 1
1439 1440
2 0
793 1254
1254 1440
1 0
211 323
2 0
320 570
666 923
2 0
1080 1430
11 361
0 2
1004 1189
1189 1440
2 0
1240 1440
60 176
0 2
1066 1269
1269 1440
1 1
705 984
984 1440
2 0
1416 1423
627 968
0 2
1322 1440
462 463
0 1
868 905
0 1
234 371
0 2
1390 1440
1125 1390
0 2
435 475
767 1440
0 1
847 1440
0 2
852 1324
1324 1440
1 0
1052 1440
2 0
494 923
1022 1238
0 2
552 560
750 1104
0 2
179 539
540 900
1 0
471 730
0 2
1133 1158
1 28
0 2
1439 1440
0 1
0 2
826 1209
1209 1440
2 0
738 785
202 218
2 0
1414 1440
1230 1252
0 2
1280 1359
1359 1440
0 2
999 1224
1274 1440
1 1
464 739
863 1440
0 1
1401 1440
0 2
385 554
574 986
2 0
346 797
1396 1440
0 2
264 618
1246 1440
2 0
923 1101
5 120
0 1
874 919
2 0
1424 1440
773 1268
0 2
1080 1440
11 361
