100
2 1 2
3 2 2
1 100000 1
1 100000 2
100000 100000 100000
99999 99979 99971
99983 99989 99989
98765 100000 99979
98761 100000 99991
96762 100000 99991
92838 32425 66172
57332 58652 40068
32694 85411 9668
70764 74708 81111
74424 55436 24932
56948 62840 7548
51836 77094 93626
764 97640 26838
82917 94175 98652
11612 97723 24232
17650 90574 64620
59815 95278 76065
83412 87961 66115
21890 85598 18002
80868 97189 34704
39412 89405 38148
66170 97010 28977
4155 93060 14823
67500 91945 15412
16474 97975 76842
65200 93604 59080
2112 97083 40864
5598 96062 8679
56910 99461 62919
63034 98023 57504
53199 98258 22023
75814 92381 40280
84044 94219 64104
66222 95376 73491
85533 99067 2526
93466 96580 5238
99210 95510 66175
18842 91995 26222
72546 99660 15561
83334 99947 31924
55947 99066 47724
41775 97767 88518
15345 99996 66095
37197 99471 13524
92330 96546 98378
77864 96912 64354
38516 98291 35484
83725 98372 66538
42721 96748 33824
32668 98637 57636
9070 99563 66280
45884 99000 33726
97984 97413 33328
80312 96868 37512
57868 98336 55992
21492 96293 15902
39927 99197 51768
84770 98831 44216
61251 99813 10713
97581 99626 6126
66435 99031 38811
98558 91404 69870
32278 98875 42534
47787 98598 13929
74837 98332 21245
94264 99072 420
48945 99135 14220
61798 96330 12023
47945 99489 19040
69702 95358 76434
8510 99669 46638
79341 99497 7284
92113 99968 63525
26428 99388 20436
85827 98198 67125
91068 43738 22767
77337 30482 25779
96300 80776 19260
93336 18434 31112
98020 82645 49010
88544 5963 22136
92655 70986 10295
92328 18050 23082
97207 80023 8837
67356 2326 33678
3134 36648 10969
66380 33448 53104
10334 51268 72338
88400 65349 13260
14760 68386 7380
71148 175 82467
63260 99026 25304
41080 3171 20540
82650 97050 51765
89056 7455 89056
