100
2 1 2
3 2 2
1 10 1
1 10 2
10 10 9
6 8 3
10 5 1
7 10 1
8 5 10
10 10 2
3 9 1
10 10 2
5 10 5
6 9 6
10 10 5
2 8 6
7 8 7
2 10 2
4 10 8
2 10 2
6 10 9
5 9 1
4 10 4
4 10 4
8 10 2
5 10 5
10 10 5
1 10 1
8 10 6
3 10 6
4 10 8
2 10 8
6 10 6
5 10 10
2 10 1
5 10 10
10 10 2
2 10 8
9 10 3
6 10 4
8 10 8
10 10 6
6 10 10
2 10 8
2 10 2
7 10 1
2 10 4
9 10 1
7 10 1
2 10 4
4 10 8
5 10 5
7 10 7
2 10 4
8 10 2
9 10 1
6 10 10
6 10 8
7 10 7
6 10 1
7 10 1
8 10 1
9 10 9
10 10 10
10 10 10
5 10 1
4 10 1
8 10 10
10 10 1
9 10 9
6 10 8
4 10 2
2 10 8
4 10 6
4 10 10
10 1 2
9 6 3
9 8 3
10 5 5
8 10 4
9 4 3
9 10 3
8 1 4
10 9 2
10 1 2
2 1 2
2 3 2
9 9 10
1 4 9
6 9 4
1 1 3
2 9 9
3 2 9
3 9 9
5 4 1
6 8 3
7 1 6
6 10 2
6 1 8
6 10 5
