100
2525 1
2400 5
300 2
120 60
60 90
200000 1000
2324 8
1643 3
1414 5
8018 4
2361 10
4650 9
5041 10
8663 4
7910 8
5502 5
5147 7
2863 2
3257 5
5021 2
8507 4
1340 5
1200 3
9345 10
5707 7
7151 4
8499 9
7513 9
2217 6
3404 10
3795 4
2298 4
1508 10
1019 2
6175 7
2401 5
3205 10
576 7
696 2
8502 6
2907 7
2174 10
58 10
9326 6
6292 4
791 8
651 5
2222 2
3582 9
2583 10
1238 8
5503 3
12 5
3583 6
7727 4
8403 9
9207 2
3400 2
2656 4
3430 4
883 10
4115 2
4027 3
6665 10
9796 3
5223 10
199 4
4645 3
9477 8
5160 6
1147 3
4037 9
4266 9
5723 3
9462 3
2912 10
8440 6
65 9
2676 9
7095 10
8488 9
9123 5
9986 1
9045 10
4639 10
425 7
9001 2
7292 7
5167 2
8830 3
8139 2
2945 6
5937 5
8053 8
942 6
6984 9
951 8
6114 4
2442 2
8242 5
7218 3
6547 10
3914 7
4978 2
1596 3
2707 8
2667 3
2467 9
8487 8
7097 2
3371 3
4582 9
454 5
7619 9
3239 5
2444 8
9136 9
1086 6
9515 8
3492 5
7981 4
1978 9
4232 2
5383 10
1331 8
1273 8
4657 5
4021 4
380 9
2453 2
6674 5
4732 10
3278 2
4249 5
6663 4
7199 10
5726 3
486 3
4214 9
1239 7
5628 4
4790 3
7462 4
5279 2
6993 4
5025 2
7730 8
6339 8
6356 8
3798 9
3184 3
7382 5
7575 8
1866 3
5197 9
3245 6
9755 8
3 7
9534 4
9948 10
5781 8
782 2
5135 10
7185 10
6212 2
9702 5
7982 10
4508 8
1777 3
3649 6
5835 3
3858 10
2540 10
7289 5
1059 8
7541 7
5424 6
7225 2
5022 8
1746 10
2122 2
9629 2
8939 9
6988 3
4554 2
9327 3
3130 9
1137 7
3644 3
6340 5
8277 5
6873 9
2348 7
2575 4
1386 9
4041 2
5658 2
9230 8
3599 10
1346 9
9784 8
3546 10
322 5
5196 9
7114 9
7402 9
139 10
3497 9
8662 9
4602 7
3022 2
9411 9
2901 7
5258 6
4504 7
3767 3
4699 4
3267 2
215 9
5012 5
982 3
63 3
5415 7
6545 8
1001 8
4709 5
892 5
6969 10
9401 2
3571 7
3432 6
8644 8
5207 9
2186 6
1265 8
4170 10
5120 9
2572 9
5065 5
431 3
2040 4
7808 9
6333 7
3659 10
8163 5
4608 9
3052 5
6690 8
6171 8
2888 8
5520 2
3709 3
8065 9
4640 10
4890 6
3124 3
6593 5
8364 4
1303 9
4129 8
8713 7
9758 6
470 4
4008 3
7117 6
3635 4
9570 2
7860 5
9244 8
2748 9
4378 7
618 2
4656 9
2159 9
5879 8
5537 7
2049 8
3283 9
8444 6
2924 2
972 5
4264 4
6651 9
9051 5
6089 3
6763 8
2072 9
7426 8
5434 3
4083 7
4558 8
9607 5
1288 9
1254 8
1184 10
4436 9
3375 5
1497 6
379 4
4816 2
8747 6
4711 4
4572 8
5251 9
8027 9
8404 6
9369 8
8739 6
2422 3
1043 6
6785 3
3142 9
1792 10
6238 6
6684 2
7883 7
1607 7
5747 2
7007 6
1566 7
9160 3
824 6
3558 5
9046 7
4654 4
7761 8
9608 2
3204 4
3175 3
3436 6
7857 3
3133 10
1632 9
7193 2
8701 8
714 8
1408 10
6728 3
1953 7
7227 6
9109 3
1427 8
3183 9
1762 2
8015 8
5331 9
3700 4
931 2
5225 4
7384 10
6392 7
2341 6
7222 10
9936 7
413 5
262 9
4148 2
2728 2
8422 7
8168 8
6140 3
7838 4
4472 8
2167 8
8696 4
6701 4
3408 7
5999 5
9498 7
7641 6
4026 5
1840 4
856 8
8022 9
255 8
6799 8
1171 10
4122 7
104 5
6270 8
2163 6
8642 10
9542 5
5533 9
2699 9
4407 7
4464 3
3330 5
6855 5
9483 4
3715 3
2105 8
6017 4
9299 4
1430 2
9688 4
3298 10
7441 10
2673 3
2032 7
7264 8
304 8
8106 2
7370 6
6536 8
9681 9
7640 4
9888 3
6880 9
7333 9
1599 2
3268 4
7187 8
7314 8
127 7
6416 5
4631 8
6794 7
3740 10
183 9
9083 4
5620 5
8153 8
9165 7
4278 3
7453 5
4569 3
1868 7
7500 6
3645 4
1374 2
88 10
6695 10
866 3
1172 5
4289 2
6255 5
5456 6
5621 10
3648 7
6011 6
8493 3
8087 2
8298 8
8325 6
9932 2
7438 6
3753 8
9451 3
9549 8
2974 4
5846 6
5071 9
4964 6
4051 2
6075 5
7623 4
7004 8
8558 7
6918 6
4092 3
9033 3
5822 5
212 9
9149 3
8585 4
3131 2
3014 8
9581 9
3501 7
1567 4
1169 8
5066 6
3601 5
3736 8
1852 10
2950 10
1989 10
406 5
687 9
8784 6
1816 2
9119 4
1571 10
6142 7
3523 7
4750 9
5980 8
4198 6
8399 2
8437 8
5083 5
8100 8
4985 3
9808 5
9214 9
8563 8
3307 2
2475 6
1750 6
924 2
4552 6
6914 3
280 2
4710 3
1463 4
6692 5
5627 7
1874 6
8573 7
2394 2
8789 5
6117 6
2795 7
2288 4
7456 7
6560 2
3669 4
9691 3
3487 10
5000 6
7339 9
9861 7
3941 4
5499 6
5421 10
3399 10
8185 5
5169 9
3057 7
2406 10
802 5
2320 3
9023 7
4834 8
154 7
1821 5
1666 2
4202 9
7074 2
5011 7
868 6
4229 6
5014 7
3236 10
2396 3
1228 3
3509 10
3550 7
654 6
7307 8
8255 3
9159 6
5551 10
3896 2
3195 6
8028 10
4032 6
9433 2
6813 4
5971 9
4422 6
5571 9
3104 10
407 6
7871 7
349 5
6491 2
2421 6
2819 6
8104 10
4603 10
7707 9
2829 2
7250 6
301 6
9605 10
8910 8
2020 8
6989 6
3114 8
573 6
8735 2
4969 6
7844 2
9927 2
2352 7
2934 7
6249 6
1349 9
6353 4
1167 10
2790 8
5584 6
2908 5
2042 2
6756 4
5267 10
1455 5
3940 8
8203 9
8004 8
4780 7
8950 3
1132 6
1698 3
4895 4
7692 6
6931 6
8832 7
9890 7
753 4
8646 7
9161 8
5483 8
8566 5
1881 7
599 8
7 3
1055 3
9259 8
8892 4
6458 5
5243 3
1499 6
7881 5
3274 4
8007 8
4619 4
5248 4
4320 3
7143 4
3041 10
6304 4
3805 10
1854 9
7724 2
5532 6
7020 7
6040 3
4216 9
1082 2
5216 3
9010 7
2054 8
8740 4
50 4
519 6
7574 4
7935 3
8321 7
2409 5
9705 6
5682 10
2479 7
218 6
4269 9
9637 9
2669 5
9402 4
5544 8
5055 7
7252 10
7087 8
8457 4
5393 5
921 3
1072 8
918 8
9032 6
6021 4
6516 6
6960 9
5470 2
7197 2
2259 2
8599 4
550 6
7534 7
8902 3
4454 5
3637 8
6637 9
2885 9
7003 10
4433 9
3105 8
6490 10
7926 10
9699 9
5335 3
9287 6
6447 9
9510 4
4537 6
3018 6
2952 10
7334 7
9061 4
1535 8
7807 8
4390 6
6548 10
5266 2
8344 2
3203 6
3565 3
5607 10
9736 3
310 9
2131 3
9398 3
4110 3
3111 8
3817 6
3527 10
2706 8
9216 9
3933 9
3213 9
2786 8
9846 9
5975 2
6492 5
5372 6
9724 6
5053 7
5965 2
5611 8
582 3
4356 5
119 3
2388 3
6461 3
6703 3
8817 7
5108 5
3949 4
2132 8
2650 4
6132 4
4310 3
3924 8
8572 8
4151 9
7189 5
7674 9
1502 9
7817 10
3122 5
2781 7
6688 5
3410 10
4812 5
9096 2
3749 2
569 9
763 3
4637 7
6842 5
2284 2
9009 6
7858 5
2097 10
8171 6
5293 9
5695 8
8595 2
8238 5
8197 3
8633 9
4830 4
3395 5
3032 5
7209 4
2443 7
1886 8
5823 8
432 6
1614 4
4696 5
134 9
7076 9
5991 3
7362 6
8112 4
9985 5
1514 3
3438 2
326 2
8623 7
1206 6
5896 3
3455 8
8240 4
8552 10
6705 4
4970 5
2681 7
2369 4
1041 3
8532 3
4632 2
1880 8
2794 5
1451 6
3937 10
5773 6
4101 8
8909 3
7540 2
8860 10
5060 8
9740 10
1355 10
2970 8
2134 5
5578 5
5026 8
8790 6
1182 6
1347 10
5568 5
5670 9
3745 8
8983 8
1961 5
1641 9
8306 3
5479 6
5717 10
7528 2
39 3
6348 5
2889 6
4340 5
1993 6
9127 4
7285 7
1627 10
7512 2
4401 5
4474 2
8547 6
6976 9
1424 2
1626 3
2514 10
1505 8
7805 8
3249 2
592 6
4817 6
419 2
1553 9
8610 10
5447 4
517 7
2868 2
6428 7
3189 8
4740 10
7831 9
3163 9
9366 9
7489 7
5763 9
3021 4
4799 4
6415 9
9281 4
234 2
4638 2
1727 9
4189 6
6922 10
3834 7
7498 9
8271 7
9052 3
8454 4
6033 4
6542 9
7997 8
2931 10
235 3
2250 4
7717 10
7233 7
466 10
9135 5
148 6
4680 4
1402 4
3874 3
5109 4
7758 6
4772 7
7306 9
16 10
3518 7
7615 8
6495 3
5442 4
7658 4
3217 2
6423 8
2844 9
6471 10
2468 10
3759 4
3433 8
9517 3
9182 7
9292 4
2371 5
3841 4
1796 9
4141 7
2644 7
7232 8
206 8
4073 3
3641 4
5626 5
6864 7
1908 9
7872 10
4090 8
9968 2
8241 7
4009 6
8959 2
9709 3
4047 8
2087 3
2485 6
675 8
7224 7
3317 3
4044 7
7485 10
9960 7
7501 8
1396 3
7594 5
4316 10
5471 2
3872 7
2783 2
8492 4
2600 4
4868 6
4163 6
2566 4
6742 9
5635 2
2717 2
3696 7
938 4
7834 6
8141 5
7473 9
3334 6
5652 9
2070 10
1522 3
5501 2
7399 10
8340 6
707 4
9175 10
4798 5
3764 4
4207 4
6744 2
8708 6
5576 7
7443 2
8810 10
1899 10
9523 4
8176 10
720 7
5314 10
9190 5
5700 6
1090 10
8215 4
5441 4
8064 7
3065 9
948 5
8597 3
7465 7
1389 9
2430 5
4691 2
8243 2
9707 10
962 5
2395 9
649 10
8674 10
686 5
7796 4
74586281 68
66182197 1145
66414716 42
23276746 6101
14072494 2668
48489935 9328
20888263 695
55975514 8630
30684123 1882
18286317 3715
45778937 4120
33667285 7318
72397195 2922
49361331 5704
34965978 4735
47133156 8620
52475673 3309
44399405 8779
73340307 6831
523298 8531
37974719 7429
40069015 3949
12169712 5673
16942493 2250
49154639 3655
14586125 2955
27292477 3816
46754224 4826
69610097 6943
28012273 7447
58444862 9960
11366376 7068
7108505 3409
12380956 84
45162835 6102
30493461 8866
38130469 7696
65244197 6390
33693904 9410
41238224 1720
58463494 6886
10574160 2254
19730659 2113
4560886 9723
7514043 3565
22828505 886
58497604 7053
73909299 9426
61257128 2010
11597213 3911
58777733 7592
25518745 8133
12224292 2532
28106718 46
51439046 16
35743477 6569
73233154 491
10588795 6576
46215902 8721
72648763 4991
67409286 7680
26387244 2341
73418136 306
69257936 9758
53272010 4043
48612834 4878
12839785 3366
27675347 8646
60524334 3602
96352090 100
71112771 5933
25364694 8268
37906421 7440
24629919 6079
86686968 7761
78129029 3466
86686128 1381
38903849 5287
34663875 4943
48736706 3558
91218564 4467
55419098 9722
45656069 7969
10734728 8069
76140389 2505
55522923 3840
77480228 1907
15594380 7790
40590908 3747
69956910 5871
93229360 7411
80346513 208
70476133 7209
36547663 7001
39067798 1032
4775444 3885
65289046 7233
2791097 7702
95327640 9204
57131706 4915
40276990 3032
88868485 6274
44152942 9555
77749091 7412
71535528 7510
5692289 3067
81997 3086
26703240 2365
64384976 9955
15388133 1426
74074388 3593
9622971 4304
20078228 4487
21819987 8142
4808266 2434
95513545 4883
25694115 4247
51172479 2929
69563673 1553
12237347 7548
11349748 5320
58838028 6171
19083256 8368
47621964 4230
71224168 5605
55079515 7676
44493776 6482
14447356 3435
22541820 5663
9556698 526
2599540 260
94848381 4431
82090830 2439
31110237 4842
48376001 5771
43392674 9196
84796133 7756
47049116 1055
32304065 1181
17014032 6094
41250465 8552
10379207 1126
55342273 6078
31638411 5130
22067534 907
45966467 7680
82139315 9928
64582017 7585
36015204 3329
22257966 4653
56226095 5621
17824289 1474
25115430 7084
3437008 7669
58494871 494
5486803 8908
71586104 8074
40760306 9776
39818744 4425
36452055 797
92424584 9469
42959702 5801
71833201 7770
29680609 7633
73729270 9682
34410292 2630
27337422 6814
57777443 5534
36308782 3387
64919667 2696
153508690 100
116502841 1687
126712431 278
12081902 4678
92200532 6072
129552115 3314
58615406 2927
71960739 7234
24398896 141
48065074 727
116246910 2410
56839351 312
148104566 9634
60461715 2510
71489969 3932
152249582 5949
65304052 7083
49486235 7804
77398648 5580
54754963 3842
96129761 8709
102809058 8955
43168396 8623
8856386 45
15643977 5232
2863664 3162
53339336 1000
94706242 2785
1909298 4928
109270175 941
41198804 2455
113591633 6949
114042321 8492
69059352 3570
69581322 3365
121245155 575
103135347 9171
13941655 7289
144969101 6017
70470093 3419
152578279 1258
117175338 4960
133950267 550
67808099 8559
59924971 7787
140088988 6671
120564453 5735
143073902 7169
45249737 8224
114144401 6192
37118185 7820
17853867 893
72066731 3229
14700945 3786
36875387 122
78314040 5980
53105016 3260
41591176 4996
55907757 35
38254272 1961
100742001 3316
7350669 6697
55775574 9274
80121277 9709
62814544 7697
12704874 1934
14982640 6060
18506501 8530
84563769 425
64013654 1952
57981654 5038
82976768 5682
8750800 3696
77964234 1876
34525845 3836
24191047 7227
4127335 177
134809817 1912
79008159 6536
21016814 1048
39562782 6615
140583689 1300
16766248 5006
9183723 3994
61689867 5604
143383240 4116
80035826 4628
128382800 3999
100510451 3479
124875659 3096
10599754 4220
125502847 1858
95970341 8865
141249968 4198
20356420 1213
48383609 4221
25203942 2689
102406431 9265
98799750 5779
113116535 9945
108637729 6206
545504673 23
333240307 3624
108971523 7373
285576808 8416
50729873 1917
70366258 5475
519244747 2814
70936534 1159
518279811 8271
125408737 7124
59599583 5654
97247660 5725
84889969 1241
53346554 7555
152967700 3478
374914619 6018
60373293 201
24425363 4899
175845682 4367
198549091 7013
487618250 7117
533461175 6633
401066536 4686
3221743 1073
448439001 69
116991743 2332
338483325 2823
214223468 4023
165897534 171
314896259 7804
401793897 934
249041805 6748
391388755 4150
135916154 2126
14023225 8224
389696977 2927
201093086 6638
371807430 7718
61733472 8551
61784052 6249
330568162 8076
100232358 9502
362665099 7355
101222319 7480
264430952 1255
260788779 1467
158114192 8169
288214641 7167
23694483 2631
252340375 5212
190884280 8075
78434574 4391
201095086 7180
149067845 9377
22574157 9913
317119417 5402
377187507 3834
353637308 3279
87203831 4412
421075125 7733
144892475 7765
397639624 8867
140122700 3728
97551435 8532
85659097 5372
415680839 1021
165265655 8396
279861766 844
284475530 7042
112651292 9180
31632552 6304
232257645 4488
72984716 1681
408229138 9138
201658391 205
208344468 3926
382610116 365
210400670 2955
371723575 1693
183930590 3508
356382006 7469
333951275 6835
144539313 5871
143412957 845
37509512 8424
202756564 3622
374300740 4565
208584429 9052
228802793 6702
70645867 3583
219512412 2181
115056482 4987
300413196 8752
25661643 6085
5813141 100
2210501 131
3168313 575
4942230 8047
4495929 3509
1313275 2029
2532437 326
5604354 6092
792652 3422
5600698 2251
4859653 244
4310432 8754
5032531 4835
2535730 8165
745877 6668
4982977 8701
4957849 6329
1170680 7155
825293 9925
3791771 4158
85294 1470
4521015 3357
3414005 410
2138019 4094
33663 5825
1326114 6871
5035914 3514
1185650 331
4651713 8806
1880299 3350
3512963 5598
3690681 4817
2050765 3218
2046318 5580
5585006 8983
3204242 9072
1974896 3338
2036149 3052
1854246 9490
2727461 62
406486 8231
3926756 228
2361648 7921
71852 5052
5175698 7543
5517009 6679
3369194 2902
5554075 6968
87844 3838
1815505 8645
3764103 188
3563511 5066
3095991 5241
1650703 9910
5612916 7809
3182963 7769
3824011 8915
5450495 3704
2627066 8271
2898784 7909
2927079 191
767627 9059
3789381 9804
3789910 6455
1661371 1105
1461512 2238
4759395 5932
3482416 9744
782982 7777
3439993 6411
5766805 4521
1060608 5832
2247430 3348
847796 9560
421129 2450
2225747 9698
3463725 3431
3159513 4458
2041476 7439
3997760 4892
3767342 7209
672071 5628
4068643 3017
3140464 2201
1894339 6761
4403376 970
3388964 3727
4925504 4882
4394984 4646
4563182 1221
4538063 2544
404643 6422
3097689 8452
1363085 1848
1321975 5629
798375 7493
3997815 366
1880819 1440
3122042 7566
4741481 6564
4033675 1304
604541635 83
4876323 6167
76906112 6499
271156681 6916
252415556 7385
440578518 8446
89041213 9244
493564016 455
590970583 5788
124113918 2657
317185393 3598
52354639 3693
536883185 7499
284996579 2625
382921935 2369
162797861 6190
175701230 7535
415118633 9628
389411950 1454
102906598 354
556846967 1323
195405856 6132
439483683 3822
353813179 5513
372632981 9917
30110530 6037
235835880 5477
142848744 406
571256097 8013
42081850 5379
16155876 6057
292865700 7832
530608085 9959
375245252 8049
446071947 1556
375780044 9623
579488648 321
197170738 4744
423101003 5680
76100295 9256
22654401 7305
226376495 9131
383696149 8612
443770022 4962
241229349 5148
393288317 1341
324551183 7365
602575254 8163
376548744 6160
402048525 152
250605521 9893
176003331 9929
275392465 7942
197132905 5860
431506262 1528
326749180 1503
231904506 174
492644721 7288
444211469 8366
163852675 232
246270435 6332
459188370 1796
565824907 9415
315927551 5935
183480457 6023
46877735 6915
342941239 1100
97354475 640
300701390 3976
476703028 3087
467658830 123
51617914 2224
12382816 4148
455944478 2163
218335239 2607
43721888 7959
432254038 9490
455999095 1514
452934375 5625
131152783 7312
582587277 129
49045758 9982
212875891 3506
381829385 4792
172003496 48
170802062 6612
126047369 7438
156731987 5693
38913939 5199
125216833 9029
43223523 581
87987536 9746
8540497 4316
111067437 2965
14231110 1254
63513630 9996
155870762 9526
81543523 2236
117635629 5403
103389415 1668
109334675 4749
143932866 6234
98123128 4888
12413888 7483
158839860 7389
95980997 7682
94750688 5113
23682997 8503
100218498 8881
120713633 1437
139056384 507
102071601 5166
13511637 9148
77616741 995
20429458 9352
27105502 2020
25779038 7598
13636089 5262
98095856 4528
80403074 247
58425269 8711
31468255 3233
24775971 3038
171953559 1643
158374929 3850
170880109 177
54223385 1714
112229443 7602
62308435 4902
30319739 2582
159861335 3421
130002064 6349
121407959 6028
436901358 100
85170593 9598
245950626 4232
183206186 3299
234099649 4523
217506931 7131
318629411 2066
411690187 5042
273555047 1736
4754780 8626
265001796 3824
182837220 225
426211413 6562
203787485 7043
209749014 8605
173194685 5637
49472202 7748
389286511 4509
318120963 1385
187941084 4837
311820634 6190
82167151 8231
13217771 3062
126170160 6211
427127303 879
280259368 7647
324048868 2093
394971112 992
343824160 9109
218371287 79
90275883 7334
386711977 1352
115207196 8921
70178582 7391
10477134 6345
409833614 2695
106857563 9222
195159593 1537
319189949 1413
71702128 8280
90116084 6643
110262939 242
128660308 1007
132826842 1887
312755737 5518
324473675 5652
395990428 6405
393623205 6291
380010460 828
280729227 2450
343198028 6803
161751456 5403
185711496 8072
99308630 229
376399366 3375
244073755 2504
4553197 2026
284449784 1724
264354684 151
95618683 23
24260545 7624
136692897 929
325495228 5647
89802444 7460
385542769 4759
377266897 2268
378534239 7371
284882006 3288
99484210 2737
260734961 1034
366422968 3153
185669589 4860
144551002 9572
338257073 525
428528365 9755
334833786 8089
417341895 4835
262981414 3313
388095129 5574
75757446 666
398468744 2381
98525523 1597
259090044 3748
575516 9078
378986052 1268
300607144 4656
92364111 2362
217504012 1372
384693671 1348
177085374 8727
29681962 5741
216649027 9235
385335515 5657
85799658 7380
188538865 8072
29249617 1522
353554620 6849
131167022 2888
158859543 3724
293500985 9040
236045218 3355
944929327 43
312203083 8135
4234390 3048
29811983 4713
525981567 2074
549760412 2632
788578082 7835
347527011 5005
699624944 8451
372315037 7600
61815836 4744
813223848 4572
294787981 9417
645075701 4853
786461191 342
179920261 9886
706375103 6683
466212751 4181
941333674 6791
417079671 1025
497588765 4968
136645378 6463
777663026 3158
849986790 8465
123544635 4621
874566623 9216
670849600 8031
261420112 3754
380843885 8951
351397617 9960
243050547 8396
436044315 1976
441938158 6035
22364336 5661
589002705 8677
289043028 593
228856315 3648
577947583 3591
199436594 138
908228295 1925
512116509 8943
389573051 6058
260125214 9188
388976329 119
417127748 16
134630953 3190
557021 4573
28070176 4521
238700273 7762
305106385 9277
36431750 4453
134090196 6307
167652018 2467
254157945 7288
358283063 3724
88419523 9694
63149759 3518
63914120 877
309957045 827
25842342 6155
258852682 8595
529961725 15
43210441 3628
338240247 8664
383687057 6427
116941915 1522
84100899 6567
255403657 3489
42351457 4318
51113766 9628
383318998 7865
498745632 8043
78681904 8071
160676200 2350
421037989 4586
152722425 6001
327164716 8594
200000 100
1397 6
9797 2
2043 10
9773 2
8509 3
4189 2
3572 3
9320 6
7646 2
7494 9
5805 8
8955 2
8368 4
6159 6
5791 8
1560 4
5425 9
873 10
2350 3
1092 3
176 10
6999 5
3583 4
2668 8
255 8
6922 9
6783 7
6138 9
2274 3
3250 3
2660 4
445 3
3040 10
483 4
5552 4
6953 9
5535 8
2321 8
5000 2
3199 3
2602 6
4840 10
7644 5
9982 1
6126 6
9257 3
220 10
1255 3
2541 10
5123 8
3542 10
6083 8
9057 9
5377 2
3660 6
4701 7
6365 3
364 10
1899 2
991 3
6361 9
3587 6
993 4
1932 8
1248 8
5345 10
2024 9
1413 8
3477 9
1091 3
7722 10
7252 6
4052 8
1197 9
3079 2
3484 4
9070 2
5455 4
8011 2
4789 3
5931 6
1877 5
3481 3
2744 6
1096 3
9689 6
3485 3
6385 10
3766 7
9956 3
1142 6
5562 5
6317 7
7559 10
9981 5
760 10
4658 3
8992 4
2254 2
5161 5
1000000000 100
999999926 73
999999987 12
999999976 23
999999983 16
999999981 18
999999899 100
999999986 13
999999971 28
999999955 44
999999967 32
999999909 90
999999942 57
999999911 88
999999933 66
999999924 75
999999997 2
999999947 52
999999913 86
999999916 83
999999906 93
999999914 85
999999978 21
999999979 20
999999948 51
999999977 22
999999946 53
999999985 14
999999966 33
999999994 5
999999945 54
999999989 10
999999910 89
999999970 29
999999925 74
999999917 82
999999993 6
999999969 30
999999964 35
999999950 49
999999980 19
999999941 58
999999898 101
999999962 37
999999944 55
999999959 40
999999960 39
999999939 60
999999990 9
999999905 94
999999903 96
999999932 67
999999953 46
999999907 92
999999991 8
999999992 7
999999943 56
999999928 71
999999937 62
999999972 27
999999949 50
999999935 64
999999940 59
999999956 43
999999984 15
999999912 87
999999961 38
999999974 25
999999958 41
999999904 95
999999996 3
999999952 47
999999988 11
999999923 76
999999908 91
999999918 81
999999921 78
999999900 99
999999922 77
999999951 48
999999936 63
999999934 65
999999929 70
999999954 45
999999982 17
999999973 26
999999915 84
999999931 68
999999938 61
999999965 34
999999920 79
999999930 69
999999927 72
999999995 4
999999901 98
999999919 80
999999963 36
999999957 42
999999968 31
999999902 97
999999975 24
223710390 8
146262977 885
125762937 9163
187259550 768
27719212 5072
148998017 2662
124864381 3470
163002869 5490
106131465 4543
587455009 55
366104143 58
557280243 277
45101672 9805
492124282 6561
308288202 7643
84495464 6841
354157068 6049
38871474 7959
328207418 2418
303490366 8288
294795718 6134
518591156 7553
94681740 1894
264963317 6830
277916634 2445
134388874 7996
375696739 7157
216994670 3770
524419327 7154
358863160 9235
299930095 2810
304900568 2360
42769761 8903
61337865 5809
400911075 2610
555564751 7332
477114130 6638
455983213 2148
467285715 413
333320103 3900
83040710 6477
25991047 5880
505470886 5272
104963541 4299
156182959 7945
385630732 2350
378936778 8632
457187271 8923
311789334 9562
56527023 2648
451573641 2169
97771442 6317
106313853 9305
285650794 502
81727090 2123
529178343 2914
549687374 7534
208249624 2149
220213387 7397
391585092 7566
211368387 669
565691042 6492
455994995 8901
400548600 8827
547335019 665
175540881 28
107762145 572
98841202 2768
156040973 3923
78648672 5779
147590941 9143
131068331 2684
6426727 6380
17744915 2194
5982255 6374
9739180 9617
67733841 3881
153585211 2192
174130245 6919
53846890 7566
784 6965
18613253 1946
159169202 3317
88476581 2361
150416441 7650
87058481 7958
52497841 7694
155654169 4836
26691505 9921
83844521 8749
155459845 2675
124491078 7751
69664971 8044
104726368 5875
840068276 18
615286538 7967
519003765 7081
727498410 3361
426241917 5462
567403646 2793
7717403 6001
576847134 3916
41758479 9162
338116017 9094
47313043 5018
777695852 7363
402213675 5899
680547383 1015
318214394 2513
551971855 3105
120157138 5057
321242739 7751
718798971 7618
1000000000 1
999999999 1
705054505 100
342321840 1504
289027432 4807
254372790 6769
95349731 2943
439974210 644
171531927 7031
333600223 109
11271436 8023
287302724 5322
154020666 373
389331856 6517
390711110 7992
269312886 9222
523980758 6650
301187285 3705
236070999 4645
207462475 2276
505462636 4517
244098987 2505
292209310 7137
19468120 1300
301662169 8619
649604032 78
478070976 8637
340740541 4783
180193971 220
468081053 4447
673884369 1426
335953753 1122
672453353 1466
337424104 8929
663437494 5560
369697083 7216
376161939 4511
370633742 2898
99530114 6733
643316103 4931
215330316 8505
42860343 5637
186288732 2616
500365352 3283
671013628 9811
50005280 1971
356838121 1129
87203673 7110
133741056 8346
479469682 2446
150071901 1277
610170208 9943
458023732 3487
267268569 8878
276396777 9619
20174106 2449
464379902 4919
630858668 9740
440820756 5028
622779908 1020
190939292 749
581528931 2418
650542774 6252
480745020 8839
6918496 277
635862066 6562
128471396 3983
367796794 4856
701251476 4349
422095444 7452
329264224 8786
273886239 3697
445814356 1965
647695933 6665
315696453 1099
239186805 238
703747031 3339
590991812 4203
263946360 872
545581900 141
588691898 7516
134471805 360
534796583 8168
167453556 2825
696210653 5503
256080763 8337
704952410 3221
549033657 1871
375047769 1959
361765444 378
493059367 6825
667460840 7197
276024752 6012
390936372 7214
663399241 6871
660773672 1843
673781923 3817
494906298 4800
320780765 5425
679176557 7354
94529899 7158
603517710 2600
416848744 2446
2 1
1 10000
858467417 29
593243742 8190
430517495 8186
707219381 2472
165019274 6580
453304277 6319
325755088 7793
416697669 6212
724852897 9774
182120962 5914
716948290 1629
627774756 3487
714305070 7149
437415917 3042
378572658 800
32987351 7469
30033537 8764
270840069 7930
441746106 857
556522978 3219
756555131 2340
713139449 2184
531005831 4657
552959249 4560
322906273 5500
541977727 3404
129712280 3352
175938138 2605
422004235 3288
157696663 6887
200000 100
8490 2
7355 4
9004 5
2951 10
6656 4
1339 3
5585 3
8095 3
6115 2
5119 5
9849 1
5145 9
6389 2
7024 10
1140 9
5473 10
5320 9
5401 10
7705 10
4390 7
2770 3
6271 9
1308 9
4781 6
9817 9
4903 5
4767 3
8068 6
5668 5
9342 5
3459 3
5042 6
8820 7
372 5
8499 5
1413 3
7076 8
378 5
6061 2
7101 10
5514 6
2180 5
163 2
9848 4
1436 6
7657 3
1661 6
5212 4
4576 8
7674 8
7313 3
2356 6
5076 5
583 6
4348 2
9225 3
9210 3
7277 6
7927 4
3078 8
590 3
6280 2
1747 8
9513 10
822 6
2429 4
3445 9
4412 5
8784 5
3169 2
8082 2
8351 9
7663 3
4585 3
2695 2
6268 4
8870 3
2098 6
4879 3
2618 4
4701 5
4526 6
8523 3
4042 4
1377 8
9010 2
6074 9
5000 6
2999 7
6359 5
904 8
742 8
1484 6
5068 5
8737 3
5891 7
3762 2
1591 9
8748 8
3720 8
27705762 20
18029601 4411
1878227 7935
12509484 8082
21976773 7168
5720440 8142
3574711 1882
23985594 7558
5825783 3814
18583247 381
26215405 1923
23159246 15
3521999 6551
4800589 2116
27453512 3647
18388816 1916
2092110 3728
6255357 1295
19392725 1485
24266917 9354
14489307 2499
508804977 72
445795060 5623
412839143 7692
165761233 5318
245952592 7653
151007702 1052
72215059 5749
365253051 6581
9817264 4794
136548054 4098
276518989 2616
188314448 1051
407833721 6957
221116308 2651
409623726 262
495932886 3061
38275268 2836
445227373 4718
114871112 4221
423375570 2931
387054456 2327
240837562 209
5570241 5169
98125154 8324
125657490 7068
63306490 7819
333462863 8793
301456710 5384
203936189 1014
18420849 7754
468824825 8053
443316074 2916
388129797 1625
269131812 8587
191140424 2961
60385370 4039
208369094 2775
238226476 1939
395752895 3757
277413544 3600
12674675 3734
289048759 1586
495232723 776
107653613 96
15465456 2371
440406518 7046
113602713 595
169396857 9612
151963848 917
229846300 7067
433057636 7025
469775697 160
3378445 5149
458865091 4424
65359754 4546
199474443 6307
349242593 1676
105028106 4690
155130246 589
222038646 9167
481325248 4551
322024766 6122
378232677 7722
41258448 5550
438441427 8944
274406007 6398
469134705 2883
47229487 4521
65897515 2893
217128493 2586
64298158 7099
497476227 707
501169156 1414
986901147 36
849915 7891
329494631 715
561408888 7704
940109922 6290
509533621 1799
368215683 780
916765041 9152
591948201 3651
243458411 4172
876376571 6726
354796382 2434
795621674 5443
648769475 1768
748287327 6324
343104601 7285
648277883 6510
145762636 3188
540987471 3576
212124783 2007
744535198 7434
202119817 4868
276750688 5018
244022691 9023
758114126 5588
846234480 6605
536342931 599
720615002 7429
199794007 1598
772118174 9925
910539081 1359
46732833 7673
142357116 1762
463928121 3899
692159875 9964
157037622 6867
560681701 9988
69396506 4
58612139 1042
33976251 426
50676046 8176
57598979 4469
97261169 74
92970043 2293
40684546 9053
95202314 9010
85862222 4284
70890584 6695
78248980 3884
22931096 7720
54035217 7203
87716642 5675
85006865 130
28468890 6341
96798208 8895
26309942 7530
1228496 7464
13704851 8298
43222085 9154
44613266 4554
89658556 873
17498229 2860
13431783 5031
83696895 1548
18940587 2902
79248931 7263
18752833 8457
16748374 1008
33053757 7470
18501209 1961
71115488 2232
57845006 4434
43760097 9821
57514377 8381
71217178 3621
42322252 4344
57815047 3914
5548523 6623
5410546 8684
20399102 9199
71928392 1558
32608086 3239
76911225 4756
38201026 3290
95056180 8070
8332128 1421
64038896 3479
59875233 7383
91184347 6437
87084153 2803
589797 1333
51770379 5013
2159223 6619
62920416 1747
9088537 6931
68592958 1287
67560201 6565
1638159 8871
19966281 9552
60871790 6251
18275697 8570
38651098 8308
35307593 8951
53709210 3383
85318477 9144
78679619 5656
74073118 9827
17978462 811
86490508 4964
9158494 2638
34506268 5255
24851449 2525
8518864 1301
53341352 8
17201917 2401
88080145 6629
5783583 1277
447016154 9
359491259 4645
147480264 63
373112354 7153
403066549 5435
221820299 5612
414827527 1455
89659960 5942
9096098 3135
320716123 9108
199413001 16
69306860 7962
100521856 4563
78201298 995
42946621 8599
108467225 9448
51142407 9151
44314206 7019
195487286 8948
43267920 3587
151422712 3199
1294284 424
173642887 6462
180832596 1400
101782172 5657
168227953 8921
195525507 9403
804397146 44
454852105 7159
702805852 7994
692411095 3832
739687157 8248
176411608 8931
466125878 6538
666769600 6770
186976391 7229
129111347 8390
653327859 9669
496366056 7079
27533954 199
601516720 9045
359630743 2711
673107840 351
465442496 5214
222198372 3213
284913292 9615
224205903 2424
228957365 7398
447118545 5035
368304030 7045
23719324 5423
661871897 758
732368175 2417
612651177 4194
557316456 5213
362194992 196
206343004 3497
520928617 4059
417613329 2110
736001204 5298
600365018 1532
706460687 5592
262073331 3402
257689139 5433
596043290 1267
179737559 9423
610107504 3039
707986107 6966
572846798 1735
549684947 2812
398915949 3169
461695250 7600
755461915 36
345255935 8289
425188099 3763
3813119 3581
118298053 5298
242977963 6652
35232826 3704
566773247 9139
677026841 7315
471010348 7283
277197123 8501
54981805 233
189132428 4444
226735264 606
354922663 5334
229682502 7376
230221667 1558
233773332 7420
16130239 2106
442573474 1973
740625558 6718
449533321 3892
216595474 1451
670110598 4003
406619739 756
478780150 1702
195932865 5301
509753083 868
623059613 4181
362280097 5892
457776638 507
54208537 9364
213473551 9379
229130237 249
448844617 2347
265740506 7204
16999852 2632
419926130 5
61488758 532
303843072 4404
232648485 9175
126674865 2812
261563681 7585
509383838 69
158549853 5296
278306482 8868
110991260 6412
478674900 1391
370474160 9687
381284864 298
227627508 3922
10951871 1326
25032560 4511
176691118 9839
265050430 2850
68518764 539
265569411 6999
213439023 1517
15697268 9048
245807686 9750
470114274 8753
99400352 2239
344206261 5068
314712966 6
482665286 9126
329732708 9857
413943456 6285
57964252 9648
391286701 539
366225265 300
204244199 3130
67631467 8090
410912963 1626
49491362 9035
29097434 5632
445840325 2567
330647913 1852
348914652 4088
23428160 5530
344384686 3668
108587914 4859
3693859 9685
251251878 6718
117299524 2448
85165531 8702
266308581 1790
260769124 4078
283428641 6028
120230549 9437
237907954 2326
195652346 7291
343849118 4359
22595193 7426
237936213 8565
86693 2608
197013884 1338
427464555 5084
159307346 824
482211084 8704
72871848 4414
265278326 6102
162980766 8509
182103791 4990
499151457 9728
35674247 5459
405123408 3048
154284136 7266
179487658 7852
11329528 3236
186588010 3537
237515665 6723
250343860 5115
139074427 9820
104859850 39
56169953 2623
7282711 9190
17846359 6620
11580559 5210
6847233 627
43814811 745
22277264 9036
58386606 5558
89798253 3967
37975537 6414
78914949 3901
70927049 1867
103796637 2052
94834328 8153
49328814 1114
47744082 2821
99686788 9513
70864809 9779
19471723 4076
8510845 1776
23542154 3068
17090053 1876
2525228 7115
42503921 7075
38121566 5656
6855104 5739
97942616 7262
75659772 9681
89201869 1577
67106467 690
15712990 706
98995946 4946
45737600 3918
67040240 5581
24966514 2653
17686390 5407
43587461 4589
63429939 6488
16975880 2259
405088256 20
234425812 2
229171549 9791
288825244 7854
38614724 9122
18899940 4770
42552831 6168
13290934 9531
339166454 2878
260436235 769
202898752 4390
354968016 2839
105605173 5038
235092003 7672
217268155 799
388897406 4355
29151294 5927
113459782 7521
201962028 139
259936239 2824
100040447 3722
1000000000 100
917000000 10000
966000000 10000
960000000 10000
924000000 10000
914000000 10000
902000000 10000
916000000 10000
939000000 10000
961000000 10000
935000000 10000
985000000 10000
997000000 10000
993000000 10000
919000000 10000
982000000 10000
941000000 10000
964000000 10000
967000000 10000
953000000 10000
984000000 10000
950000000 10000
974000000 10000
987000000 10000
940000000 10000
968000000 10000
962000000 10000
907000000 10000
986000000 10000
910000000 10000
980000000 10000
951000000 10000
976000000 10000
977000000 10000
969000000 10000
978000000 10000
945000000 10000
909000000 10000
999000000 10000
928000000 10000
959000000 10000
918000000 10000
991000000 10000
942000000 10000
996000000 10000
931000000 10000
972000000 10000
938000000 10000
930000000 10000
990000000 10000
955000000 10000
979000000 10000
932000000 10000
927000000 10000
975000000 10000
989000000 10000
981000000 10000
900000000 10000
958000000 10000
973000000 10000
943000000 10000
936000000 10000
971000000 10000
957000000 10000
998000000 10000
922000000 10000
904000000 10000
963000000 10000
983000000 10000
937000000 10000
944000000 10000
994000000 10000
929000000 10000
901000000 10000
915000000 10000
923000000 10000
926000000 10000
956000000 10000
947000000 10000
934000000 10000
906000000 10000
925000000 10000
995000000 10000
905000000 10000
954000000 10000
992000000 10000
912000000 10000
952000000 10000
908000000 10000
911000000 10000
965000000 10000
988000000 10000
948000000 10000
903000000 10000
920000000 10000
933000000 10000
913000000 10000
921000000 10000
970000000 10000
946000000 10000
949000000 10000
200000 100
2458 9
5000 9
1110 3
4912 4
6515 3
3082 10
6661 3
425 6
6101 8
1168 2
9506 10
6744 3
4895 9
3345 10
597 3
276 3
6140 2
7480 4
7537 8
7944 10
5197 7
1727 5
5913 2
4682 5
1457 5
1909 6
3559 5
1165 3
9278 3
9447 7
8174 5
7797 10
5836 2
9883 1
2301 9
2949 9
2291 2
8634 4
9382 7
6655 7
8053 4
474 8
925 10
6484 10
5120 7
4947 6
4657 7
5178 8
527 2
7515 10
9430 5
7017 2
6254 6
5894 8
4996 7
5602 2
199 5
5935 10
2078 2
3111 4
887 3
2373 6
3841 10
6395 8
6871 10
7490 3
2564 3
3935 7
9882 6
8847 10
1596 10
5250 6
7429 9
5228 7
5340 3
7009 3
1166 3
3800 6
4653 5
6170 6
3154 9
9708 2
9401 9
3237 10
7743 2
3782 7
8729 5
4246 3
7953 5
8585 3
6344 8
2922 2
6164 9
4518 7
7576 9
9583 4
1247 6
576 5
984 2
5852 4
1000000000 100
58 44
38 64
27 75
83 19
74 28
41 61
18 84
34 68
61 41
4 98
40 62
80 22
26 76
49 53
6 96
95 7
70 32
37 65
16 86
84 18
65 37
10 92
42 60
8 94
50 52
59 43
97 5
3 99
1 101
55 47
94 8
47 55
100 2
98 4
32 70
96 6
22 80
91 11
51 51
79 23
56 46
52 50
88 14
35 67
77 25
33 69
17 85
63 39
14 88
67 35
60 42
45 57
7 95
73 29
82 20
29 73
46 56
24 78
31 71
68 34
30 72
72 30
62 40
89 13
75 27
48 54
36 66
13 89
71 31
11 91
54 48
2 100
69 33
86 16
39 63
57 45
66 36
44 58
81 21
25 77
64 38
12 90
21 81
92 10
43 59
5 97
28 74
20 82
19 83
9 93
23 79
53 49
90 12
87 15
93 9
99 3
78 24
76 26
85 17
15 87
62878230 18
22899078 2204
57180931 8013
60251493 9253
11177147 387
5553332 2990
12950375 429
33357795 4268
43217389 5362
45686064 9856
40758719 4887
52771513 1848
58380519 9461
56892623 1874
43606666 305
39754459 9904
7459142 6543
5690699 9734
28950323 5798
54687753 14
29483859 6375
4020677 9129
50834957 1061
41398173 1201
48451609 4190
27495341 9453
8767408 7200
1290600 5391
10492593 4390
8799347 6941
44567327 5193
23603152 9332
32645483 9162
44863460 7885
200000 100
6111 4
3359 10
6853 7
7339 8
8355 6
6463 5
1404 9
7595 5
5652 5
9856 7
3234 8
285 2
3954 3
5514 5
5615 9
2512 7
7789 10
6586 8
4889 10
5946 2
4323 8
5854 9
6780 5
4251 5
2863 7
4088 4
4193 7
3047 7
6734 5
570 8
7881 9
5545 2
4074 8
4131 4
6593 9
4120 5
7762 10
4694 4
7525 8
3702 6
4148 9
7361 4
5351 2
3009 5
3298 7
684 5
4920 8
5481 10
9842 4
6748 10
2478 7
3161 2
6338 5
8246 5
5171 9
8524 9
258 5
6901 10
4434 9
5654 9
9250 2
176 5
6458 9
5915 5
7162 6
5000 5
7062 6
5469 6
6013 6
2972 2
4833 6
785 2
6878 10
4510 2
3622 3
8423 2
9131 5
7808 3
1922 4
4465 10
55 5
3308 10
1381 4
8252 7
990 6
1479 4
9857 1
3455 6
9431 6
4439 4
6543 8
3314 3
286 5
6651 6
3605 9
5021 9
3568 9
6795 9
7437 3
5818 3
885218695 100
146212920 7079
95011347 6506
874122761 9661
220447780 6845
394350661 3110
394287182 1521
478239275 8174
526722177 2581
673198175 9277
567592449 8489
95179181 7494
505939358 1931
175347078 6438
421218596 6477
163363816 4464
113756615 5034
410226482 321
796030468 6840
492277253 5637
505119841 1350
96941487 6346
6129889 653
264080306 3593
169331634 1285
267365783 958
525542671 4008
714552304 335
450133741 6691
519864314 4628
787399475 7425
879544109 1937
275172341 1955
216843422 6534
751269985 523
223357707 6035
510737977 9560
54483623 7835
141659991 4742
613881674 5550
71900761 3462
639295272 1953
208799443 3245
800991202 4495
710894031 9355
631487189 7748
851300470 5634
618494319 680
384412591 1917
466134428 2881
810571005 1255
589403735 1477
812557137 4047
711069787 236
576473527 5055
418593223 1492
509105789 4522
488085284 3529
182076976 3316
759305785 7483
351096172 460
301413889 6153
665850847 5768
77127581 1136
724711879 969
753628759 2784
603570731 2174
497613179 1847
827792566 9063
524959540 1476
415959198 4367
339256342 8528
317401225 3828
369052324 8867
325091258 8937
235594414 8821
556676223 3361
569950441 5225
666749168 1306
212111257 1420
597918286 9821
565231349 6847
436191759 4746
829594049 4095
30636693 5474
882825677 2791
803447213 2358
1194727 4951
381981037 5261
575726121 9041
619054584 3520
71564187 9053
278158885 2113
694200219 1736
855838098 3540
395925073 4807
522895345 1583
206276855 4667
390485296 247
33307984 4732
41072384 8744
456192010 7
18176083 3822
159790953 7961
23184023 8907
201901871 7120
304783027 3622
72958122 8685
435376349 5452
1000000000 100
12345586 92
12345579 99
12345621 57
12345614 64
12345595 83
12345628 50
12345642 36
12345625 53
12345636 42
12345588 90
12345594 84
12345627 51
12345600 78
12345605 73
12345632 46
12345640 38
12345646 32
12345650 28
12345633 45
12345639 39
12345648 30
12345664 14
12345624 54
12345635 43
12345622 56
12345670 8
12345581 97
12345618 60
12345673 5
12345631 47
12345647 31
12345657 21
12345655 23
12345675 3
12345668 10
12345620 58
12345602 76
12345597 81
12345610 68
12345674 4
12345637 41
12345626 52
12345613 65
12345656 22
12345669 9
12345667 11
12345630 48
12345590 88
12345606 72
12345608 70
12345665 13
12345676 2
12345582 96
12345583 95
12345615 63
12345666 12
12345589 89
12345617 61
12345577 101
12345643 35
12345671 7
12345612 66
12345592 86
12345672 6
12345641 37
12345598 80
12345662 16
12345638 40
12345607 71
12345611 67
12345596 82
12345649 29
12345585 93
12345652 26
12345660 18
12345584 94
12345661 17
12345663 15
12345651 27
12345658 20
12345578 100
12345659 19
12345616 62
12345623 55
12345580 98
12345629 49
12345599 79
12345609 69
12345601 77
12345619 59
12345644 34
12345587 91
12345591 87
12345604 74
12345653 25
12345645 33
12345593 85
12345654 24
12345603 75
12345634 44
412500705 23
257334195 8548
17668726 8804
157604096 412
172500822 8630
86039322 2925
90807540 4614
342513458 6018
61578479 5992
39794847 6201
5590707 508
133218456 8540
224305088 2792
161203587 3731
300225339 2526
191142521 3595
354606070 8679
98866938 3079
366542034 2717
171166006 4911
292883910 9286
103197021 502
364435018 2583
89324477 5327
200000 100
3942 8
760 5
9632 7
2075 8
6308 9
933 3
9401 4
7639 9
2431 5
8102 4
829 10
4361 6
3260 10
3229 7
5151 3
7140 7
5000 9
9641 4
2287 7
4879 9
6378 3
3717 5
1099 2
7907 6
7854 4
4946 3
1043 10
8523 7
5369 5
5267 5
7800 5
1104 10
9678 2
9588 6
1147 8
2640 5
5383 5
4985 4
8340 8
8953 6
9766 2
9355 4
7000 9
2151 5
779 2
6383 2
5066 3
2375 3
441 6
1782 3
1568 10
3793 7
6051 7
5577 4
443 8
4760 5
5116 9
4240 4
594 7
7330 7
3258 10
1777 2
4247 8
1625 5
9082 2
7142 10
9842 1
7115 7
5876 10
6923 10
3951 3
8306 5
734 6
818 9
9841 10
6916 8
275 4
8987 5
8544 8
8078 10
4144 10
6291 8
5761 8
3374 10
346 6
5005 8
8031 2
8978 6
2849 10
1743 6
3597 6
9038 6
7320 5
6798 3
6532 9
2114 5
4184 8
2278 3
3246 2
5381 2
33727317 100
9554944 5423
26920254 8161
19987297 8367
27286000 1510
10673506 9919
31710940 2902
8540231 2001
9164181 4814
25317453 1610
28903960 3607
19890720 3418
19760798 1037
1763462 1925
3658617 3323
9574409 6079
29259745 8063
10126735 3373
16460758 8044
16128977 3768
12672139 3126
21838097 9009
15813164 4405
27868622 3567
4899567 2761
26523989 7316
9549687 1268
9222259 3989
27398251 944
21726147 3108
7974737 5196
9340408 4478
21225506 9665
26996729 6574
28713901 4874
26370837 725
20798950 6921
12744150 5738
20705628 4525
13964061 1747
23209048 1823
15362751 386
21226317 8853
6194618 748
27869127 78
1141031 9111
12180136 6271
15260717 2583
12617583 4012
30293905 9053
32190457 5388
2403577 8053
9651622 4950
24888786 3133
19308984 8672
23803535 7179
6624293 6511
6124498 1390
17134325 416
327188 1229
25475884 4572
15163826 6014
5573443 9210
5616958 3849
11517101 3506
16227726 8060
17726650 7968
13106497 6488
17319614 1123
26914602 1179
25786765 692
22773158 5260
14579666 6248
32810950 6432
22722821 9811
4956274 3492
2059648 8339
4069623 1426
30323705 6129
19088337 7921
22777697 809
2807006 3608
30917984 444
32145433 2377
9413739 7580
17966688 5609
24018155 7711
3373876 9825
4956840 5370
14626256 5906
21981999 2103
6338978 4063
15297284 4199
30523982 4322
17002650 7421
5728923 4115
16951211 9805
25745031 4089
11810903 9841
4874138 6589
8934149 6127
510932464 12
107812089 3965
500635388 3880
180600143 2735
188695226 6426
313581094 5339
79765549 5653
498122439 8542
346516060 1647
152040312 9033
459674232 9866
128811718 3108
60260871 7446
1000000000 100
915000000 1
909000000 1
933000000 1
972000000 1
955000000 1
975000000 1
993000000 1
901000000 1
924000000 1
906000000 1
959000000 1
988000000 1
954000000 1
964000000 1
934000000 1
977000000 1
979000000 1
903000000 1
962000000 1
967000000 1
935000000 1
974000000 1
905000000 1
976000000 1
996000000 1
918000000 1
953000000 1
963000000 1
958000000 1
981000000 1
968000000 1
904000000 1
990000000 1
951000000 1
989000000 1
942000000 1
983000000 1
919000000 1
970000000 1
938000000 1
980000000 1
913000000 1
911000000 1
956000000 1
931000000 1
926000000 1
949000000 1
902000000 1
936000000 1
940000000 1
991000000 1
961000000 1
982000000 1
994000000 1
945000000 1
929000000 1
937000000 1
987000000 1
921000000 1
960000000 1
930000000 1
998000000 1
907000000 1
912000000 1
908000000 1
985000000 1
927000000 1
952000000 1
917000000 1
973000000 1
992000000 1
910000000 1
944000000 1
923000000 1
946000000 1
928000000 1
971000000 1
984000000 1
966000000 1
997000000 1
957000000 1
995000000 1
948000000 1
916000000 1
914000000 1
999000000 1
920000000 1
900000000 1
932000000 1
943000000 1
947000000 1
925000000 1
922000000 1
965000000 1
986000000 1
939000000 1
969000000 1
978000000 1
950000000 1
941000000 1
2 1
1 1
752621998 7
36266594 7060
132773977 8683
590780413 822
571525746 417
381853156 1999
364211993 6132
503428908 5164
548482827 26
471180657 4609
506299032 1572
466631689 6436
425411275 7537
306799717 2225
545338211 870
234167123 5411
471330731 4900
210258900 9091
249081320 7624
408066166 9884
325611228 7571
184651652 744
135192418 1794
483743334 943
508378288 1700
263711696 8836
525946853 9806
242973368 8009
193922602 2240
474869268 5118
17267078 7910
514361224 2370
258023413 7293
450310111 8606
499259873 1209
790815366 100
691730246 528
100829407 4158
451819656 6348
354962227 2819
467908167 5898
672543506 2948
640278624 5259
414585382 2720
413462844 2860
437874422 4255
727944291 690
54033425 380
665553762 138
330325860 4091
232433830 535
394923057 2227
332666852 9171
60327650 9511
689148498 4407
734644922 1223
185780972 8640
323289059 4437
216100416 8931
143830802 1267
392591533 6350
605859085 4207
130209858 9020
183671011 532
129792791 1782
424365722 5653
261574851 1538
47443746 4838
780321326 9890
390602250 4289
413601193 2281
652644586 8016
471198259 9526
549056674 5094
50567709 8986
258614690 6338
364096950 889
573686385 2674
577575049 4897
270890558 9754
270207838 2410
507077087 6602
604495480 3208
397756048 1711
738628104 5638
151057266 6092
506551735 2386
291547052 9268
561516036 1923
607943381 5245
756201991 994
517195873 8340
689655375 9804
574319982 6545
543627954 2373
23744139 7772
234155651 9190
168137038 644
244810577 7718
311182498 5226
410788841 9924
285014611 2951
344814593 5617
111052753 8849
111860715 1636
248908394 6666
143158287 1298
187506412 6229
688143459 7898
593034127 3402
292137945 9526
750284008 288
206553765 7816
223420800 7467
581283645 9859
527363910 2603
786908777 9984
419125134 6257
379039327 279
721722109 1030
383717527 7438
198978838 1374
240419270 674
607800383 2603
580414045 4296
16907118 9501
276108434 9871
113582893 2953
594486031 6819
568593521 7898
24282329 5609
655681260 2420
532216715 7789
631652734 5441
92923366 8805
489597514 1818
909102797 19
624497161 6425
723453190 7091
828655413 1879
63143672 8117
877507301 727
395799902 7292
58877090 7191
90834406 6624
580824827 9830
435277310 9820
433588927 8822
363915387 1383
573047178 5540
265667029 402
420436915 5852
854326133 463
447964664 2279
741086378 4378
698126001 1312
680782958 100
293931015 5072
423727351 2735
172788312 1488
643133634 5475
480880617 2391
469660011 1528
336986472 9841
47767680 5650
493585987 7471
398576520 2646
126324199 6166
1218094 878
78574330 6784
648472124 8824
516720757 4589
47224508 9023
340391899 9476
445586613 7899
476877079 9873
9606763 7443
38012181 6961
643104527 7848
288064649 3539
70548808 6818
510351063 6859
545354906 3233
577052469 7097
596073586 4979
577382620 4834
428030006 1002
133244469 7875
239994258 8104
572745803 5013
96245994 4174
441442829 8282
591062083 444
551497152 6624
330225871 4729
284694660 7166
506487342 9106
109884660 8154
207173830 2835
526473818 7936
654270367 993
493544359 1142
350812153 4454
134113651 5879
670132785 2434
342325674 7775
618208191 9704
344064247 3061
444869166 2232
654444911 4901
401629711 2940
241386281 8612
172694785 6195
116007749 2583
44442459 4483
216529281 4844
391822426 6662
578052805 4647
479649568 7681
575858486 4041
322515129 7644
39688036 3914
87596237 3145
86920818 4354
361552569 449
32106053 1958
611447742 4362
522199840 7706
106661091 5850
408435123 3931
25464608 4776
656803587 5144
670802713 950
636811870 2566
1991145 5919
167612418 3356
656756792 6845
108427795 8351
278727002 3336
470541188 191
614424197 1063
101766914 8062
542931733 7514
288500258 4416
21841098 6373
168757603 7590
148005665 227
576443299 8164
262698723 1185
633033375 6359
46622350 6359
5073554 1464
231374233 5577
560903716 7505
394565284 527
612773997 2003
289353598 8399
256099406 50
197575430 1156
240410265 3385
73745133 1422
17124585 6678
42478361 2162
116195049 8806
202573168 4354
255791729 5302
41217546 4355
23197945 9660
157715719 3646
120960940 7198
160501695 2439
197754399 3734
29179576 8950
192228209 6679
243921393 6289
121017229 6569
193622182 9891
45595460 3107
180450762 4859
216971437 6618
120385354 7516
26792501 588
175950906 3801
86305865 622
106486804 2222
199387581 9271
199110701 521
137565243 8219
152921130 1122
55699505 9596
91892535 494
156052335 9573
115139264 2671
37336082 4544
161623045 4833
222860448 6005
238294147 4508
218186286 8663
149287823 7997
79804122 154
198662549 6458
24139177 6481
234134826 9004
232082110 8194
145666563 3948
154449955 1991
214984500 5887
248915782 9437
885988610 38
77540837 3642
477131386 1344
455690992 4751
691930195 9363
876900049 7364
795916691 8948
409068320 2322
134600713 2076
31502887 6033
483406052 9595
468509311 8900
600886279 8811
174734224 4993
775184629 6229
124766726 7387
497356225 5288
558500150 2938
588537976 8840
70102209 7658
18153697 8728
139478248 5483
140874718 4151
333019327 4372
6779680 6711
873434740 7037
483803984 8189
444388626 4045
803908736 4182
656207145 9188
727736704 3329
743396304 8770
14964575 3967
312222495 1570
736089764 1797
320942855 6994
774484092 2243
751527180 1786
684172794 7707
846424479 15
543598731 1590
53254817 4793
778542164 5234
710811330 1047
249550956 1532
18054489 258
290688469 1134
319690442 4545
361197819 6436
511907816 2604
557437407 3176
449086133 4006
299141035 1044
84441011 8139
115641967 4675
39018389 4
26227642 9792
33311496 88
35645529 8315
8061046 82
778765781 1000
96018890 4233
739363859 5195
217339226 6446
482213337 6100
672169501 5312
173432803 3188
374693832 4490
121582110 9429
38789219 721
208883080 5969
184061406 2092
182170674 1980
406270448 8974
407659500 2423
389642747 9940
322958434 2712
147169178 9489
462178628 8140
618593954 6480
25129751 7444
643516834 6895
160730101 149
441113935 7293
365789350 3215
74390274 8381
564267795 249
278944430 862
692554833 1397
362107600 9947
24669595 6461
83427051 5550
375843145 9096
631861650 4467
150521149 6118
126444183 5698
370549323 5661
697625038 6712
6508485 8764
258163111 2836
418378354 2679
600758533 1703
410305371 8971
97064916 9765
124296754 3364
27310545 2252
693956362 8054
756212018 1614
704379367 7607
494085839 4286
306494328 3611
546144523 6832
714211992 5035
502704534 7068
265582728 4594
46147051 3571
485036889 3828
193152286 5756
84160184 6682
317079405 7981
416057200 2457
580808246 6896
531223067 7200
249478789 1398
194119189 8303
357462300 4111
320246294 2288
303789091 1567
635388808 2191
163402815 676
588638912 108
135466358 4219
736521287 2863
642520008 952
105771293 2400
227694991 7827
641581197 6428
470906569 6034
196996316 4414
506624318 6457
650757235 2839
64942994 5531
14234248 889
510721452 8477
119808239 991
95402170 1631
338529524 6897
608114836 5464
263488656 1928
59401035 5804
26328804 106
347715032 2262
357367484 7084
273522960 8000
735240627 8540
520441690 1830
231346263 2561
539320884 1675
722752613 9219
176961441 1042
343522167 2430
231929877 7485
317470622 7104
84633533 7853
671836208 672
691400660 8389
277270218 3923
25402840 8383
590463728 709
257985088 7779
309906266 1316
345151728 8145
10517649 3908
126807443 3465
29157846 8573
188554094 8636
32615519 3271
160748321 7279
412109977 5362
214918323 4602
598071600 5098
485004737 4651
577875602 1377
619243608 6513
749198370 9857
463569658 7937
704899781 8667
757960677 9716
496413022 889
468377132 8210
508490011 1285
758846051 2391
733768914 8285
706064897 8925
414607721 2015
481469124 2947
681871923 8712
501988637 1803
553769857 9320
203435410 1913
375554727 7977
270841540 9517
44612968 6091
605628911 7172
677838007 2379
28377386 5898
452161161 3431
84981006 6453
734329991 8297
381989650 8650
470127327 2190
737325806 8543
189279336 7082
85500147 2341
239091139 188
623323979 8399
215453378 6534
355344538 4771
628918045 8419
374193864 408
310517838 9232
361957843 3091
708517525 244
213867421 1571
659809469 3667
357459912 2189
95510124 2583
173430937 7160
776090824 3590
147435987 3521
387127467 6689
612707248 5747
132934786 5459
388309919 4834
515787163 5522
124626283 1129
583571312 7323
718006633 7567
609812132 4110
464357094 5584
464670098 6594
590212078 9977
487498556 2915
569570319 7330
480015603 2300
679214745 1725
415750577 1134
75418301 8040
28847897 5975
394270265 5940
520973253 2543
274122763 8864
511013438 1359
706458881 4505
744537108 600
340452179 5038
463853424 1846
573076648 5432
463357131 1982
742155602 5594
622896033 5767
461260746 9394
363493332 4568
528378649 663
694266259 1470
296533761 879
662042552 9695
598014267 5069
3577093 6231
742229056 1431
270794626 9928
578592105 7343
414183110 5315
212908386 4313
669745653 2592
206988445 9165
28933252 1147
224134667 9962
777321107 7588
42347763 2546
770301 8779
598023567 5287
491471740 77
744927458 6406
653398050 8143
655977851 7278
547901944 3424
520046323 129
364651499 2890
206060420 4022
588843544 1459
564149212 8926
479566941 3311
639274065 9246
526514325 5037
653670211 93
354535474 9288
769894991 7408
355875026 3796
451275274 4816
169931112 8288
562871314 7513
521892482 146
305104749 6124
66984249 9587
613156344 5536
409161900 6097
707515641 5585
567819279 9140
732409716 9647
619942364 8948
11252438 866
300008541 3227
185370671 1273
419644555 6021
649755831 4406
712748865 2153
745719683 8517
534458482 1140
449041442 1447
149097652 1551
685166182 6933
267525173 6748
291717649 2354
180806367 5083
158945437 8521
240270675 73
362095762 7326
611642120 1374
269689196 9496
293103826 536
27147075 6319
609063495 4767
710553188 2453
115930649 9185
26302490 3169
239054979 4542
135473614 6712
686646639 2519
379825934 8804
49866306 9471
508857649 7591
372596451 6268
766117076 2495
696234945 8414
410275456 8902
103438943 8273
766277068 5041
212543450 511
229953926 2543
274170785 7636
758343419 6740
476733408 2225
728443892 4084
361012924 1730
486121866 537
518026860 4591
355105765 6467
166997745 671
635793186 9555
156103047 6302
429465641 9562
429578255 8313
448849427 2914
707490166 5718
755879523 9869
233104747 7570
505242941 6659
521713331 4803
362386824 2403
303444681 4548
689618909 5816
425130320 3848
713007969 4461
614152938 8021
258310993 4937
643333860 1035
96668156 4243
304426409 2911
25633678 561
450690720 8788
156891928 1040
300581783 4616
472252055 4567
547747751 4780
750546372 2424
645410441 314
162777061 4809
388051678 9647
431355797 2587
428108181 2049
502795204 7020
320818156 5112
275085408 2971
206670166 3135
416373980 1744
327834379 9189
216728302 7728
719204084 7156
87890607 6950
254348410 2069
558157962 3832
721871118 8807
328959700 1089
584861468 3821
281871511 652
422160548 7282
502445846 829
733441923 6705
397440648 6215
607025726 3922
651126681 6617
577079834 4363
175124179 7737
283786074 7515
503929657 7969
17451244 6160
274842024 8174
741964721 7876
610432519 5533
664917632 809
514984315 8865
526959563 3148
256464848 5384
500627925 2726
196102675 7606
119885582 8714
157791806 4935
316756104 3461
461758780 8558
102855250 5150
446292740 4697
226124521 4832
245576743 264
639331648 936
757058728 4381
606152326 4149
624198860 2039
630444594 5479
695662079 2078
309315151 6721
146971158 3009
182037944 6252
495561023 4436
705091784 7547
757039767 5093
619735869 1472
626088668 2573
296298594 858
714992595 2470
556530195 3141
468813510 3428
159550362 1875
712269351 7953
761953871 8237
337101809 6086
327913723 1216
746729475 6572
570473364 228
160602884 2091
419475128 1081
353322589 9028
169313064 8610
642724064 1379
205102910 3445
689625880 6178
653044339 3173
536233384 9397
358434087 5051
670578598 2767
156864943 8489
197111212 583
142243637 4774
214585682 1073
448735972 5835
274870281 5507
53252747 9403
242896938 1326
30762993 6452
390047183 451
547604957 2443
398162075 5900
3743094 8929
258418647 6702
280283678 6422
318584290 1033
432817177 5356
677446323 2912
411621030 7661
92364224 3590
217199104 2261
68004050 7288
577046079 1745
285706327 7593
443117896 649
103396413 628
530206247 9912
259484132 582
551461622 4780
171097380 9234
82638355 1088
122644352 2677
239870094 1571
151843135 9866
495730745 936
271010452 2220
685703069 6532
675111624 7876
145015476 6730
493641870 797
282330563 7051
668363279 5016
237580550 6037
747100653 7223
528181434 6933
16104998 3960
509245253 9879
499036128 6501
107780753 8611
83717773 2196
263762332 2714
47170638 8008
410092279 8851
184262722 9273
688250180 9321
654474449 9725
480683065 4901
537285148 5214
417420494 1023
732622758 3507
460274739 7661
694630406 2463
704877096 3531
632028949 7700
6017125 5834
621006535 7441
352453935 3852
415254055 5901
638201440 5270
262377648 9492
549732739 8420
354785013 856
184525008 852
700037522 5809
462245846 991
612650815 5658
632777950 1891
650194600 6289
155680763 1584
52972110 802
167675979 705
260960806 1616
44875032 7226
312402623 20
772451547 6324
508546947 5040
538408847 6267
2955823 3816
350508898 3379
308621102 2174
470692375 32
63839148 7656
471300342 9571
636838589 3003
27515196 3779
202792185 7308
369043245 6206
554796394 3628
615635201 282
638346819 5988
71785454 4950
234473181 8974
27003764 5114
296947245 128
553826712 9196
197322737 6125
171412907 7247
777066249 6403
119196834 2229
254622055 2280
738747876 771
51614821 9142
603786683 3604
125960307 8392
14504235 1546
188813584 3881
261393691 5935
91786492 7784
30882036 6162
424868715 5437
484141866 9602
344961850 1045
363409468 7824
387896482 7453
434029191 8054
633454658 8968
260070287 8919
438539230 7032
675674051 6793
478512648 8070
98187402 4006
317855739 4241
478239186 6463
672917814 6539
350512642 2656
570583193 702
550949051 1421
722258325 6564
490961310 3318
221213161 5453
241888605 5308
418263545 1504
516299766 7798
592724722 4712
686927063 1589
468437843 1378
755216977 9601
60074675 776
175810239 4408
444673617 654
683829766 2106
407162500 5997
330012064 5275
422311733 6635
755705825 2593
23503759 5479
293135117 3082
676363652 1549
296602600 2530
640597361 8814
451191349 5055
417699751 3561
185509384 1477
588557353 7647
275989852 9913
151510274 4097
251984323 4594
187135630 6871
417094902 5301
432524343 6332
266428146 8431
657423619 7698
18962871 9132
372156916 2043
582151435 9552
450711479 7900
348649955 8423
37401935 8353
222775043 4134
337364116 4484
528247385 2230
283158740 5561
106046216 5029
166756820 5930
162631819 8684
636500716 3725
741155796 3655
105471051 2250
438168264 1724
448223764 3366
512870646 193
701149283 522
469348473 8891
293125341 180
218972227 8842
230866597 7034
99594680 8507
278375915 1709
607991874 1115
178857862 5390
260602156 269
652347194 270
403724260 9681
305344966 3569
704598187 1893
358795535 3047
717274420 9706
209869583 5999
493824477 9303
309731092 4468
398328930 15
571657201 7458
746972889 9533
88354040 7079
457055731 273
633151717 2552
552980999 630
6828091 2073
143133970 3946
140301179 4938
319145374 1272
78950292 3633
531439061 6049
277817489 270
480110116 7504
483246962 6650
23510837 2755
52973261 1141
774942966 4419
714120941 5081
118630897 247
1169541 3587
692380769 8951
38326276 4012
703176326 5308
278226255 6795
46075739 3472
477934405 5429
238688106 3063
320299618 1162
290064654 1925
15468387 7082
554109944 9209
669261649 4143
712254667 6653
413049829 7914
630756902 1510
529578041 2458
348701492 9546
159240542 5911
750035499 4987
511449119 59
603824694 21
471644555 8260
106469522 3020
45729148 9381
444501882 947
420110874 7823
588919169 2842
390203248 845
22850311 5229
673904157 5297
205188504 7452
356420942 9743
81950479 2593
588556213 2074
453354511 9680
70785658 9130
347840129 3777
746368946 3938
439074371 1912
284006776 2199
736838510 4511
65560201 7055
229802573 9830
428989901 1941
428743062 7594
402429452 9100
451388472 8676
598209475 1474
484118164 8992
702059470 8722
459449240 635
720768561 5069
208788089 1543
590606622 6093
355506819 2523
168587078 9965
705832667 9407
732052213 6393
23792371 4247
671499622 2119
429619629 9593
413356353 8243
406102812 8670
472964672 4180
687823318 999
700239474 7992
359674585 2537
618392410 8459
130053798 2955
707696213 9800
103239399 3390
588568117 9943
79148604 7001
470910027 7031
590396998 183
498832095 72
155898476 1650
319468685 2145
667005021 7021
595138526 7028
401513400 8935
240138036 3343
155983394 4389
342300264 8309
570785781 8364
236899707 9268
83886483 9991
606076662 8111
548216301 6547
333191179 8404
466114665 5339
346361306 8837
448444612 5282
544532898 1811
175469002 9518
189821353 1096
509387372 6525
303016891 3652
492769490 6219
771497824 1883
314864990 9656
395258880 9258
444342990 1690
81308828 2708
415070158 3222
249164990 8629
151375884 2082
715117844 4222
287265664 888
772743997 5624
156929567 5339
608227517 7100
382841083 833
205449574 3137
430055279 9067
468935352 928
210149017 2032
463215643 8550
755919631 9138
157134801 2730
395869741 9299
515581565 5032
602771576 5395
288616794 938
617963301 6952
49231548 9941
350014271 2189
736527306 5509
713250630 9537
249544778 6295
561058953 8743
412208281 1615
402706469 8781
462516651 5265
774313985 815
167885106 2923
285920808 9105
293663129 445
194702185 3232
307425165 3107
291534928 4914
49293154 9284
94483858 1565
516878366 5574
302605482 4340
520481218 3895
589928069 2356
398831791 3705
319323828 6471
474329866 7865
90104577 7171
486692407 2855
181595391 4142
635296273 7080
568281931 4067
262714516 117
258642238 7921
307525504 598
602986969 8603
142496635 8803
138631817 3643
83504239 983
441046274 9058
200770601 9437
258129630 3982
687951129 6056
420762596 1777
614287715 6767
378161432 1824
203653711 7162
154104366 5168
610973668 1114
237660797 2624
329723466 812
770289204 7028
475081323 6850
642191618 3387
777470024 8997
309236555 2571
25363163 1168
304200996 824
288880614 9923
619891951 4620
323868606 6948
204441073 9854
113289560 3428
128858342 2809
371803126 8574
717210862 5997
716712266 5581
469824991 1041
675350781 2936
706666054 125
497779580 1155
588336332 3343
648414084 8800
704524850 9238
198026807 3910
539398617 6344
36309129 3006
272624425 6127
80622772 3511
695794667 1595
663266253 1631
757935253 2413
291245805 7486
466895676 8558
469678059 9623
623381088 4063
361189752 8948
581589249 1331
275363591 673
605902006 2411
531211145 677
431102778 6387
460113132 4843
670782103 1091
707412071 1773
481883411 8750
42614239 3554
109897093 1270
378079007 5242
493085749 732
96339579 4060
134885903 5538
379099665 7936
61277011 9920
762707538 4851
19695270 1710
324860158 9994
167687323 1774
563064057 6618
196892578 3263
148232490 9497
581202628 5294
98965268 4992
169329656 8547
739607426 4401
470764738 4720
151197612 9799
396490098 3054
759937872 5324
517246092 9857
249618100 7064
197878910 8848
9119162 2436
304505983 532
422248242 1937
188290399 1867
106205338 1979
145580481 7009
485773057 1985
329971913 5446
268051270 4018
218391921 504
310263057 3313
546019751 5697
494148898 4269
615722740 864
487970486 5425
241305731 8995
396400947 4185
207711905 280
156381003 9918
330724133 1747
118825841 2573
12410920 7217
37553778 6371
173792288 7984
187123291 1885
456953622 16
585936882 4732
407934117 5214
603462037 8076
192920039 9985
671789818 462
137802494 2359
653665941 4319
465379119 858
143860320 8990
679365981 2467
372492544 7608
705164281 6713
193194616 3202
403814822 9187
388792155 3033
345906603 6838
517042078 2457
192968247 1902
361930469 6629
223387077 447
179433275 7675
235796102 5675
750329252 5131
252683489 4756
331762988 5763
293252347 8215
730563880 4479
733309530 1345
340364055 6135
521111703 2682
115630340 3726
549012379 5477
392185108 5310
387213116 4722
487662125 2073
336293240 7840
318760282 9114
628915627 4943
397454183 9190
224603135 8309
117314337 545
716807717 921
695391886 9772
187802051 2864
336558435 7069
96101318 1933
285139751 4617
99823346 3309
126526059 5384
150104391 4608
409278012 600
702510425 8198
565843382 7735
329474167 4700
246703786 2126
549381923 6614
733196829 1705
714016074 7286
234140044 9587
80087573 4873
109764114 553
143299403 6299
252187699 2321
346806234 2103
410244030 7807
342048600 732
755509819 1510
467017615 7667
437385530 518
661493052 2609
364654698 475
58686010 10000
327093917 8267
465891355 3185
615106023 5806
612016559 1227
499401186 1078
528234989 8324
204655089 6626
39462453 1732
505969498 8180
505613399 8005
354397495 9584
760398119 1483
285438566 4952
246174596 8225
584571311 981
264214206 6145
161709343 79
129370261 3822
2942461 3201
83198155 1299
151289124 9729
29756979 6678
64993966 7033
155661199 5301
38235140 4759
68097907 5291
130888789 1824
66575447 4123
136610407 7263
4821228 7044
51671545 5582
7558625 6277
31702883 6644
112032256 2708
140419495 9131
111769246 4503
63411721 7372
10211135 5570
99169730 140
132789876 7782
137726755 7329
16366332 4369
54177832 551
128941964 9665
88156265 357
61814595 1105
135203776 3309
99985268 1611
55403657 3631
100576238 1027
31015414 9114
67900715 7124
112535530 231
151412806 4043
122944285 9175
102777512 402
101542036 6748
22942229 1443
143044639 250
145485633 1466
124414174 4081
70585060 3147
2731006 3108
11874119 9073
86462662 2640
60164044 7594
110212989 5190
122253600 3293
65802434 1913
154798891 4098
51133722 5497
40028441 1833
50087653 6664
45348066 6006
140805618 2379
52071923 7544
56999952 9671
25285677 5253
90671516 6352
89203880 9065
118440351 5839
103590993 2605
89647415 954
73005752 9926
148935075 6736
18887388 5115
14088569 8065
23941152 2472
74310552 4591
121106735 7443
82580769 3128
32990313 1819
65650927 3876
7267195 6260
136872124 1782
158166522 9322
312411946 41
110564335 1784
196055438 3182
57160646 5463
105992259 7192
56710013 4287
145612561 5196
244236267 4683
215425213 105
261594129 5231
109587893 1661
159339747 5759
301170960 4691
271877070 8494
103669672 1491
67280490 1643
90005393 1877
63665997 4366
267729567 3126
214140814 3890
99264348 3888
42985698 2105
56934937 478
292146043 6463
115529840 5549
241532815 9280
233322633 128
8220629 1849
97452223 4122
89042344 9217
14171774 8235
9670232 1174
197590594 2228
219152783 2455
50538600 565
205147253 2661
132726911 239
272005638 3401
231475262 6063
48188613 3827
50876790 6768
273075642 2018
231779659 21
32860877 2362
137552264 5007
140309412 6951
38362427 8423
185127917 7804
136091788 3427
17893374 4039
204597284 9733
8410748 6646
116234285 8921
99005717 1046
68772975 1093
116458506 7099
14196748 7967
131978618 2750
152449970 8599
116991176 615
62579925 7911
19763412 6921
179564080 9735
202971881 5751
200000 100
68 5
665 7
3158 7
9054 3
2521 4
7629 2
788 3
2960 10
7350 3
8767 2
1642 6
2357 7
8573 8
2455 3
372 6
4885 5
8507 7
4399 10
5801 3
3723 3
2050 9
4377 6
900 6
1033 10
9459 6
6903 7
9535 4
4146 9
8109 2
237 2
8701 7
3128 9
8570 5
2379 9
4140 4
5523 7
2692 10
3114 10
6680 3
8988 10
5203 9
7703 4
4218 8
894 4
7380 5
5369 7
3368 7
2824 9
2394 7
1017 7
5000 5
2046 4
2921 2
6878 8
3162 7
7063 7
8038 8
4790 9
2571 10
491 8
3244 5
9872 1
8081 5
9614 8
9852 10
5293 6
9404 2
4666 9
6447 2
3291 9
8353 8
2443 7
166 9
5026 4
5767 2
2646 10
28 2
2250 6
2545 10
4797 4
5854 7
4308 2
5153 4
4187 2
4002 6
9728 5
6860 9
2276 4
3344 5
3172 5
6076 5
9495 3
6836 8
171 9
6375 2
9871 4
7160 9
3731 10
5498 9
662 2
1000000000 100
7600 263
9400 212
5400 370
5600 357
4100 10000
1200 1666
2200 909
9500 10000
7900 10000
10000 200
6300 10000
600 3333
9700 10000
6500 10000
7200 277
5200 384
3000 666
4000 500
3500 10000
3100 10000
100 10000
1000 2000
8300 10000
6000 333
9300 10000
8000 250
8500 10000
7300 10000
8900 10000
5300 10000
1600 1250
9600 208
2700 10000
2100 10000
4700 10000
9800 204
5100 10000
3400 588
800 2500
6100 10000
9900 10000
2600 769
1300 10000
8600 232
5800 344
6200 322
2400 833
3300 10000
3200 625
6800 294
9000 222
7000 285
7500 10000
200 10000
4900 10000
6900 10000
5700 10000
6400 312
300 10000
3900 10000
5000 400
700 10000
8400 238
1100 10000
400 5000
4400 454
1400 1428
9200 217
3600 555
9100 10000
3800 526
1700 10000
5900 10000
6700 10000
2000 1000
5500 10000
4600 434
3700 10000
4200 476
4500 10000
4800 416
2500 10000
2800 714
8200 243
2900 10000
7700 10000
7800 256
8700 10000
1900 10000
8800 227
1500 10000
8100 10000
6600 303
2300 10000
1800 1111
7100 10000
7400 270
500 10000
900 10000
4300 10000
148976208 100
131717357 1481
141878321 6007
130134646 8016
89324231 8420
128296454 6087
119380679 5680
33745948 8747
69599878 2152
21452582 9752
71974433 8732
57069708 690
107243132 8434
41481354 3156
10997172 8514
28253634 4215
53529998 6340
44433811 2331
124785394 4592
5575377 1221
20288038 9579
18714726 9072
55086133 9877
147958950 2572
42284506 3146
66892838 9450
53303601 3185
67716603 2418
37425813 1025
5109021 6673
54235380 2013
114464976 3115
39173242 5382
15038401 5797
83969356 1273
108475330 6112
77136102 1986
40580734 4930
22321745 8983
1657790 4639
130529594 6474
140981143 8025
3252159 8143
99964802 6585
4542989 7362
76817124 7581
60436901 9683
141699730 7651
83744590 6201
93777892 9400
40993452 4114
1477843 9072
93028217 254
91674608 2216
122254307 1649
6370222 2569
80966752 662
27437661 662
68347511 2750
47812332 545
91444848 4978
96450645 1339
136055826 3877
62712223 9844
31889753 461
82441255 9302
86080158 3505
86706974 6455
129038782 7659
118961677 9848
64475331 7799
45580217 7495
115889408 1006
40883535 1706
11142980 108
120793272 8277
79928423 1042
126923482 3187
85560092 3787
28580917 6472
76765727 1689
105001690 7022
83906747 8473
38793212 9980
116334354 8402
49381727 691
85084131 5220
130042420 4057
11028951 9964
113975383 7771
92341726 9879
107529186 6957
9581170 8300
68465895 1348
49910275 3547
80592936 389
17793434 1751
32780787 1924
54264474 5599
51969087 7467
110181416 1056
563807911 23
513926066 8104
10264810 5214
367050610 9559
342085181 7578
415261057 8130
59526825 7082
450005139 9075
86948793 5812
183523457 7304
278932767 4886
535527594 4769
68418306 5198
132994802 1566
149817187 5047
209130485 2252
191495644 5243
458285000 8783
47512663 2322
556870804 3450
322149277 4675
379749199 6157
4602794 3509
379271720 936
1000000000 100
999999990 10
999999906 94
999999915 85
999999904 96
999999972 28
999999953 47
999999954 46
999999930 70
999999910 90
999999961 39
999999941 59
999999968 32
999999929 71
999999969 31
999999992 8
999999977 23
999999998 2
999999988 12
999999922 78
999999963 37
999999959 41
999999943 57
999999921 79
999999935 65
999999967 33
999999913 87
999999955 45
999999926 74
999999965 35
999999914 86
999999958 42
999999994 6
999999970 30
999999985 15
999999982 18
999999978 22
999999997 3
999999966 34
999999934 66
999999920 80
999999903 97
999999936 64
999999962 38
999999956 44
999999940 60
999999949 51
999999996 4
999999942 58
999999948 52
999999971 29
999999932 68
999999974 26
999999987 13
999999946 54
999999919 81
999999980 20
999999916 84
999999950 50
999999909 91
999999918 82
999999973 27
999999975 25
999999960 40
999999993 7
999999902 98
999999952 48
999999964 36
999999951 49
999999900 100
999999907 93
999999924 76
999999991 9
999999986 14
999999938 62
999999928 72
999999908 92
999999931 69
999999939 61
999999983 17
999999981 19
999999989 11
999999947 53
999999927 73
999999984 16
999999905 95
999999957 43
999999899 101
999999937 63
999999979 21
999999995 5
999999933 67
999999912 88
999999901 99
999999945 55
999999923 77
999999925 75
999999911 89
999999917 83
999999976 24
999999944 56
876101509 8
790755530 4588
500993403 2145
113319063 1865
72153432 1290
239458090 9398
784232963 6382
661283899 7672
375547897 6285
377271508 58
223668476 7224
330762060 8586
238725905 1931
87664975 4945
318867560 642
188431366 6312
46427408 2761
96244053 9354
177671058 2518
107574957 7321
13522505 8979
186655122 1299
37262030 2192
372033256 6372
142012221 9112
206092911 2954
223411655 7896
173878125 7811
309686013 5051
68495098 1148
205620062 9570
18969065 7835
342818862 2735
300215650 9689
149676245 3184
254621479 1171
43052852 4103
154429813 1324
67198910 5190
16754280 3104
352826723 3181
18113772 4145
70189212 5995
8271071 6579
343758016 5812
189751006 7141
15360570 6213
343818180 9080
156276523 2955
121210488 3141
192916456 9420
43343363 5138
140365837 7003
311672425 2947
377008960 3442
70767441 9487
55540488 9161
307669537 9711
343981644 9635
282219659 3749
310395387 1137
242371793 343
320433414 1610
226266051 8611
78800882 3643
122464513 9456
190016638 5017
88848853 1463
851805261 1000
606344473 7506
791518457 6671
436534000 673
202523512 876
423884784 6367
759641222 2463
562524027 767
816557299 4458
91064177 1314
44182094 52
241993199 6463
414569568 4763
65089533 8824
693691345 5976
402257948 183
273702778 1184
168100045 2010
283870175 2803
355897270 7740
830702559 9814
584297081 7757
653200697 9615
546881313 2020
734782499 1158
425690471 3101
802034214 9259
239548545 7393
4611741 8726
300481363 4043
187584507 2887
155121094 9754
20449639 5299
743068265 8058
700898637 5383
611496283 4609
409441566 161
809106499 2505
489306717 3038
329519870 948
235927007 7967
364184769 1017
688109141 5535
307736238 1821
603161491 7322
481434210 466
282072696 3380
183233094 4432
732042970 494
657450581 3490
122394334 6228
845044035 2946
319212082 7778
717394019 1570
140496866 2729
68036016 2202
233443816 9156
673770530 5488
499206813 5222
681153023 491
137102883 8289
172308324 7347
304124126 4064
45019976 7683
555989837 5077
723739336 9594
578785609 9529
413280927 297
264645294 5483
698868297 9835
430364153 1583
689874359 5741
186835694 4714
455818281 5210
524394916 9496
782867090 6616
629673520 8077
173159186 6115
563199803 1739
448823311 291
35329585 428
227932039 4306
213985792 5451
818922747 2320
234156518 4695
141017110 2990
387534077 2137
96188493 1346
835319740 1412
426000205 2997
432768347 3963
531267746 1736
172346447 4693
130157781 5291
168819584 3539
410247320 2536
665429543 2666
455983357 4285
18745384 766
534319137 5895
415702983 9329
842952933 7329
546201392 6037
63792526 1937
517252601 7602
746377340 7498
506626306 5826
301938861 4234
15684799 4395
2848986 6759
650840443 7565
460280498 2134
281414523 6305
544831590 6856
427854679 3693
4801230 2798
844612125 7134
332423568 3227
751186016 776
761660641 9397
272092616 7436
69404 8616
80927485 4918
279265171 1223
400139318 2008
2774256 8023
825237462 6813
365632511 9080
120166793 4683
605166714 6536
215935071 6872
45846644 8387
365602832 3552
733162529 6163
346952042 6167
588250330 8286
806390708 1352
317278691 8650
207710100 5523
648223236 5069
305790423 542
99290757 652
840898712 6362
340034085 1883
221114823 4850
409894380 4394
634101295 8115
314525087 6487
589556216 3697
694361903 7952
567659247 2864
231257520 9296
802533017 403
734168157 9561
193724171 864
28125614 3097
107819211 9594
826058241 3608
490371534 5505
274337663 6734
258875582 9579
646098998 2160
549000026 2933
654613270 1824
601777439 3221
799495107 8953
567096685 1303
228488531 7756
463238947 6202
384876697 3959
451429992 9854
104191402 7397
460653731 6889
219336062 6589
491561493 4753
477838047 5672
467830236 689
411194055 7246
334277646 2873
734815391 3684
719017866 2110
625459819 3391
526260625 6212
838074128 7579
715515432 1708
714488980 9189
829337331 3862
271864850 7508
827203543 5177
442681548 2366
625981255 3981
679845063 3578
72742385 4499
150476878 7483
139642881 7801
127139011 7450
518108172 5816
543081760 8768
571123924 2348
415112396 1138
359243342 1442
580040038 5424
719171636 814
66917079 9024
478990147 3294
117085181 7300
801581065 152
535617331 1138
197377740 4602
572714238 4606
418681789 7671
515129918 8073
721229567 9788
203013334 4119
380946964 3908
322416795 974
518914174 8926
691854929 7055
424277956 7448
796469546 2647
29669054 9380
692836360 9862
440256482 9372
447427230 4811
834497435 6266
738380598 9831
594127638 9369
419502757 7186
515082155 3592
289088706 3162
138451035 7993
770183149 8890
341552531 4995
343514921 9792
849200923 2671
318736036 4437
111359597 8563
206248402 1419
306417441 4073
325001726 2870
214812397 4302
249037639 5061
389734045 8501
274890811 2888
256696115 6101
496550286 2827
455126856 4854
609240 1713
2208438 7061
321847941 9775
240622816 8746
401732211 1335
419053628 7520
711437838 6138
833845782 9351
750261918 3520
67618951 788
169313424 7319
410380588 8187
519148827 4714
268069918 2791
484013793 4989
168580855 4771
772399091 6474
315048665 8843
75374257 6331
123349902 3958
809517584 4584
740583402 8147
69969955 904
188238742 7495
833878759 2238
480269583 3617
294928300 6673
544785368 6498
633383940 7992
377834852 5236
294605477 8737
739251088 4511
791543492 3792
401272093 2040
788695541 2895
486683205 1409
789731683 7695
153836972 1754
302973576 4321
797960132 7351
105477590 9231
732627612 297
619043938 8526
283549082 9915
286174245 7259
844047124 8490
186136921 3606
603593306 4907
676832475 2818
215286922 2456
241879000 1815
388241397 5490
781789846 1382
284481628 765
240590383 8245
552206852 5764
494650207 4607
474975369 7955
718038681 70
11641419 2355
759666597 1020
606036387 6179
171047738 1988
383747597 2549
587562048 9706
38995531 428
760515771 1434
131281426 6944
280859570 7605
499010620 596
837527777 2244
677244835 8946
514377176 8417
674447042 2282
64373178 7254
781012160 1314
489353589 8107
788996369 4151
435943096 931
794047268 9024
799624191 1739
158726049 8107
176011309 152
721264288 9346
821388517 1751
16834957 6092
262197623 8511
54145487 4784
543979640 649
87528032 7347
374551508 4341
274317400 9865
547355373 5182
154155113 9369
702905750 1441
206262896 7558
415930299 5488
360846630 392
515462631 3214
752422668 9674
412144948 3567
624023167 2550
202682365 2813
694284796 9689
797722990 5661
609832382 5982
655142287 7333
585644733 7170
362009634 1125
658745532 9850
555114734 324
52545144 847
512972821 2385
587788300 418
838364988 9807
683014270 168
506040096 5614
808381647 8520
743007092 9497
542442013 5209
631106677 8913
512641450 8974
648549435 6523
246062800 1195
278294568 2906
808025402 1762
693359219 1568
585093441 6893
178124365 2228
533415283 5368
240801979 2388
135098636 3135
540383073 3813
808746165 1558
633288424 560
802602747 4140
143706232 7105
391652176 9794
172593073 8218
766038219 5636
684504520 745
815852147 8255
211119916 34
47174053 4083
667670214 8741
606637520 5116
395838961 3692
448202153 5935
539024293 6315
64287239 4933
173654641 9078
59953556 5630
196337693 3044
250179082 8381
613186964 5649
35658410 2814
299808039 9809
797893014 883
171312937 8921
328709199 1045
39533674 5012
644393159 9221
132222606 1232
601146337 3887
682101273 1967
476192324 2355
770303666 8347
748018003 2292
17344825 4327
479339305 4112
184049667 3913
298386579 4702
772522145 6007
672874070 941
468483060 5667
509550303 783
431665907 6023
468662742 5351
414868688 6250
537916556 2438
425683988 5197
662081253 3101
378995809 7662
821944615 6264
747909938 7001
173759939 9267
360219438 9112
735162655 4647
460223800 4561
470911439 6929
566634631 7061
253371837 6106
426376649 8036
373425959 5375
234293642 3263
90479276 6748
400784785 5724
682015678 3053
724940355 3807
375881281 361
444618819 2414
42063035 943
55195806 1393
600214668 3487
822327421 9737
608845468 9431
656787766 9782
287297322 9933
206331367 5045
303161433 2871
607138129 1115
160842205 672
776960273 402
634685407 4749
802995203 454
673767445 4491
725649802 8140
136053116 9077
682309990 4191
601631311 1151
698502588 3595
849350543 8262
491872267 1224
393706308 1150
845065972 4270
817614400 4524
694590937 4314
6004167 7294
420425059 2357
121976326 4428
598465157 7677
43675442 5435
439170031 4631
288198789 865
280326320 8534
28128279 9707
683197261 942
41331604 1034
662331046 9817
328949917 5632
29548599 448
78135691 6153
735728008 829
849824923 8966
257715188 8230
734802047 8794
637770827 6767
662180952 4610
391161588 3629
699486473 1118
320328785 3434
59324289 558
70087856 299
102167174 7712
355213226 3031
745432105 6216
764838452 2705
190779008 9820
594959315 5807
279760655 1099
794191334 8280
83865300 4494
602591281 4640
409112885 167
55980644 1351
547052029 7250
102485933 6896
62153360 5072
819865432 5069
476266000 6312
154912770 5370
61900695 4815
429768570 7759
551448571 1849
572371879 9615
201865214 6923
697758266 4351
382766721 1036
727383854 2931
61230428 1439
36950396 1614
148443584 4236
327113315 9739
61667531 896
326593960 5653
752197696 5809
38636239 3050
172009067 7708
557648482 9341
78983894 1380
402597832 8092
111423429 9561
540557281 9615
408614935 4151
757417231 3327
727872208 8315
125860282 6899
547866392 6282
480504664 9683
60489018 7449
416451819 5617
209360188 2350
79508354 5964
116887858 8982
146195490 7898
47723969 6621
456545642 3248
439766195 8756
535307651 8530
369653096 2476
469008466 6635
311035065 812
438038204 6574
130090329 4645
819142762 7598
756773433 9837
48793392 4744
723829597 1113
9470175 6176
394593394 6538
62715832 9201
248318786 2422
95023777 6214
472289853 156
389469223 2569
421116736 6675
121892497 1692
355267743 4229
577884875 5941
408251198 8814
452247310 743
405160283 8661
842074658 8861
72841995 459
82380772 5240
204771917 9732
326965915 7224
373431619 5198
577923719 6422
324598506 7025
846110690 7528
12160096 7590
669841182 2319
589565280 6762
770273637 7427
667071833 7293
735987991 2888
772920332 5641
450900269 3099
659144762 3583
744563285 4847
616917915 8269
355153623 2263
632474259 1984
840394110 5474
547885920 4858
161463649 623
194051960 392
176119789 8344
525559751 8698
273694086 1802
822692129 6157
492651402 3391
126986678 964
73460232 3826
652025760 4758
348533859 3703
701403656 6037
215247326 3451
52284329 8158
47022951 7958
251409967 7168
819544152 9301
468954249 2382
419123884 8058
99317071 4553
258028811 4154
750920160 6780
710873988 5638
64779335 1057
57832885 9640
755188544 9801
126810771 9506
579638751 4766
481263754 1080
327188928 6467
26935972 2549
390058649 2472
550125742 4920
814551931 2661
479235786 5535
686659632 2177
553794295 2194
420178057 2965
674591422 6481
166420516 1681
813555092 1502
606914113 5522
580334172 9303
368404702 7438
801967599 7961
179403423 2343
529655257 5486
257395335 3020
211016681 1087
263396218 5214
331802530 7726
338134527 9753
403716767 821
11530385 7248
49615872 968
777597702 3359
233104371 4633
344192642 3308
581168058 5383
102192801 9923
233714257 3072
560568801 8042
747506067 7714
172606599 7041
716262655 1270
650914659 958
586497170 1835
372719270 8685
455933827 1894
32653434 9191
341971397 4181
715928962 3214
615611208 9910
20397737 1832
139214006 9994
244419666 1636
740762536 2225
835855840 3211
117464563 4246
78359773 1435
125055219 1454
26227044 8970
155500083 6738
406194171 8349
421985492 3244
515953511 7113
659951994 5287
780118224 1744
830634108 2757
425136796 6298
455486110 5338
563330402 2525
292210991 3583
562890532 5097
833138248 3399
95651643 5642
82205828 4138
469192242 2938
356064749 5479
444153397 6068
364572339 6042
76731832 2952
775210521 1310
836655728 4153
337785748 4471
747753681 7050
115705479 455
516949143 8937
779308297 9268
797716538 5983
317932631 5798
282566165 7920
260640345 3416
575105125 9061
751483461 5958
198913337 2082
569548473 4349
793813145 2188
752928420 5407
148527499 2125
390476529 4302
336222651 5650
746468028 9994
35220287 1639
570918765 4524
50311592 3298
812574368 7309
489965307 8084
194504670 9997
528813782 4122
333728264 3825
124368451 9281
189029016 8583
154665538 9789
586870491 4918
537628490 1971
736248467 5728
728847540 1637
528151445 2279
466530927 4470
630077230 263
15490274 1488
580837214 7513
92528851 8647
718655194 5612
849689428 3105
729632534 494
12351341 2106
812133598 1126
792806543 8973
32499218 7137
208773090 3150
242282495 6597
414259194 1326
821854877 9136
190740458 7172
547361216 4664
57607216 7131
223361416 3792
298427716 3530
799186301 9598
589487169 2704
73555436 5470
352097051 701
329476903 2473
196876860 3601
702199769 6245
730141986 3273
774211363 8265
708874233 9033
192221923 35
243800331 9225
295847572 9991
543655886 3062
717094474 8305
518010386 5450
367788460 9815
817607570 1005
291603532 9203
829903413 9255
398392766 1914
667565758 9866
46984980 7561
370998533 3108
775644306 9362
649591591 9336
137934583 2654
759365193 4277
291970942 2245
781091405 8969
134952302 3947
679475882 9558
591274152 104
392862504 6197
748246699 5568
238906313 7290
221692448 5153
614775340 8715
752493519 5616
558201708 4534
841536853 5002
610757856 8835
35920726 4866
332037803 921
751092657 6903
356845218 3879
33216225 2374
695742890 992
845865652 6500
195424173 2498
714943644 9291
388061934 4219
400364476 6587
633588754 6318
466353336 159
833057649 4826
769139393 3027
775266875 6455
582946042 6859
465585105 9426
830999777 4354
633471636 1611
625352955 4533
353194535 9339
765885966 1432
812156000 648
185846198 5976
741125818 7588
323907374 876
516325477 2809
162059957 5550
322476366 9650
155968433 1392
300985596 510
303192717 8617
67645676 2459
280621306 6366
40068132 3570
442748356 9049
508660695 4401
599431492 2428
392832580 4136
698966689 4369
838755842 8713
1464595 3569
792755834 2206
147926604 6183
181670566 3930
338745212 3926
70480994 1482
568599068 1838
555103622 8098
552552509 5121
597169562 2939
289124684 2688
432590707 5582
245176076 9277
559899202 4097
108450652 4192
452986114 7800
231011922 3108
98268746 480
295741165 1966
295477718 2918
660342896 5694
557217 5124
658737301 7108
195420653 5668
768794164 3935
843833827 6822
676238955 4391
528398388 472
18756077 5581
558729272 9882
414003745 9492
102716689 7041
502060527 1335
34599122 254
630724176 1237
300377917 8950
28497213 3060
725110890 7047
724050814 9190
372809169 2436
573693625 104
365884139 2283
27635035 9561
406075588 829
86013713 963
484742911 8737
558628581 3268
717706129 5897
261483 6560
333128281 3480
762452799 7367
607860591 6067
365870445 4887
786932991 4711
571345573 3142
631377419 1608
817216511 4234
310454128 2675
272045848 2288
238731636 4212
402886901 2846
378564153 8130
652562438 3166
145253828 7772
323330938 8993
96592476 7079
389374888 188
658630156 7281
174910794 4226
504858652 7550
265600072 5301
145840004 117
727328905 4231
217684226 2510
486916736 2524
653851046 7532
481756345 6482
255241389 7791
457925146 7899
791148866 6057
808555039 1708
203315288 5980
608201551 3914
356273598 6541
380836397 6949
23476180 5264
200361565 3666
594428413 7339
431656120 7761
270271877 1645
110931153 8397
148798607 9203
257114981 8136
397154962 108
524577558 8312
277488557 622
107809957 7296
309305602 8412
406205227 3298
768016939 6635
98070580 8866
671979027 6998
108620015 3810
778398437 1342
154469984 6673
796613263 694
750346562 6979
207928909 2672
817156002 9057
778129221 4923
49840716 9328
398001844 4045
435491857 5737
414894124 1614
132364631 1933
234198797 6489
369015144 1504
753604077 1085
284604537 1022
282377934 240
633965544 422
379419627 7623
63078304 7250
85552726 8027
405555638 6750
292676391 4654
57098569 5923
630008571 2950
450727941 1536
585019941 549
753895489 811
294423263 6351
610728829 6652
147478706 5129
767900975 9343
542461234 4793
572710026 6118
70873029 7413
653915844 8380
375953363 8789
188051763 1958
632353937 9094
422301508 880
398822848 2428
468717500 1919
756451196 7473
566540689 4143
478893038 5493
786827404 4290
255682070 3469
698161663 6836
324981261 4526
640872985 271
503581548 106
1000000000 1
999999999 10000
752989266 16
548279891 3255
316483825 5403
509250659 9538
660486246 2029
728775658 5247
743704540 202
382021844 6932
752456395 7840
397457966 897
67593181 4080
403048928 8507
575622018 158
443028233 8178
237363393 1797
351067201 5881
284804977 7808
172724625 55
136436209 3784
71422486 4640
15624426 943
24310637 218
14223820 5377
54020544 9320
35432381 2243
90457587 2105
125871169 8282
72295151 9845
148054573 8593
152414214 9437
148101425 3761
70622514 5560
3076001 6903
23502112 8664
87805754 5356
137776501 6114
27370466 5215
20370776 6502
1246584 8010
18573651 6932
81564609 534
62729313 547
44859935 4317
45500258 7377
6944549 2265
25716822 6068
64300097 2460
66785095 5447
74849465 4601
42218567 702
66485890 898
130652968 5996
128480275 6430
139995857 2751
13475111 9872
37661374 5575
47231136 9041
155439730 5759
48857671 6511
147253690 5913
108718002 4258
134746005 6905
69325184 5690
166612865 3465
85580759 5160
20507737 7178
100053392 4041
168432220 6562
73533789 3307
122488911 5161
126040824 8292
107586886 9622
73912997 4365
933405773 27
911808324 897
142484567 4585
287862795 4327
195143321 3249
375506626 2845
464154423 5088
473323196 2169
645048956 5852
176716369 5528
856961859 2181
53393571 2809
101169383 987
267758943 2001
186885550 157
341844687 6591
736272801 3807
195790027 3657
713669759 5672
718907602 7386
174508100 6931
634847624 6884
52013228 7447
504405782 8935
170581729 9251
697101804 1676
696484883 9648
407959402 8032
200000 100
4493 6
933 9
3629 10
5000 7
4434 2
8418 9
1287 5
3876 10
7189 5
6618 8
9094 8
8565 5
7067 8
1859 7
2489 3
6798 4
569 6
8436 2
3729 9
1894 9
1787 9
9127 3
7121 9
2561 5
8233 4
4065 8
1219 9
4801 5
382 8
6179 9
9807 5
8273 9
7068 8
6728 6
8143 9
3648 7
7487 2
9783 5
5631 2
5901 5
3784 5
6594 4
4993 6
1147 9
7505 3
7763 9
6097 3
507 3
6936 4
5382 2
8296 5
2464 10
9423 9
7714 5
9656 6
979 6
5256 10
83 8
7452 9
5216 4
9391 8
6793 7
4406 9
7592 2
3720 6
8287 8
7783 5
544 9
3429 4
4244 8
3767 9
4266 4
8940 9
1560 3
3888 3
9934 2
1063 3
6797 5
9844 4
136 9
4045 2
1393 4
4722 2
7753 3
8277 6
8551 2
5676 7
6208 10
3731 4
9917 5
76 4
9935 1
7933 5
1195 10
9693 8
1452 6
8150 9
2554 2
2744 2
347 10
1000000000 100
999999999 2
999999966 35
999999975 26
999999943 58
999999983 18
999999916 85
999999988 13
999999945 56
999999978 23
999999921 80
999999969 32
999999971 30
999999914 87
999999917 84
999999936 65
999999953 48
999999908 93
999999970 31
999999910 91
999999931 70
999999924 77
999999928 73
999999950 51
999999949 52
999999937 64
999999994 7
999999942 59
999999930 71
999999955 46
999999973 28
999999952 49
999999961 40
999999960 41
999999948 53
999999998 3
999999951 50
999999902 99
999999979 22
999999956 45
999999981 20
999999967 34
999999965 36
999999958 43
999999986 15
999999997 4
999999932 69
999999947 54
999999964 37
999999927 74
999999906 95
999999992 9
999999934 67
999999911 90
999999982 19
999999929 72
999999940 61
999999954 47
999999974 27
999999922 79
999999915 86
999999901 100
999999987 14
999999996 5
999999995 6
999999935 66
999999918 83
999999976 25
999999980 21
999999920 81
999999926 75
999999923 78
999999984 17
999999933 68
999999962 39
999999985 16
999999989 12
999999963 38
999999990 11
999999909 92
999999946 55
999999903 98
999999905 96
999999959 42
999999977 24
999999939 62
999999944 57
999999913 88
999999993 8
999999972 29
999999925 76
999999919 82
999999991 10
999999904 97
999999941 60
999999957 44
999999912 89
999999938 63
999999907 94
999999900 101
999999968 33
299573114 30
23472504 9490
172310835 122
39625596 4712
287750844 6326
60122345 7835
150038205 6856
243206585 152
295057108 3232
2016980 4382
272371891 4588
9687197 9274
80714345 2321
18519479 355
175794021 9910
145705831 8239
164540800 4227
80951724 2956
128971893 3648
188018736 9163
23987761 4410
213787805 6562
222690438 9581
183322467 3194
94263456 1450
156674741 481
168254187 8874
112112840 219
234099839 6925
225574559 1787
234811733 5851
408926006 79
8062164 6731
314633034 8522
327008051 9297
156852064 3170
374531939 8575
400865393 2894
198957697 1881
85372820 5604
309470661 1839
48188014 1798
264776076 8055
274658002 3829
319506364 5725
86244012 2034
378335255 8650
117492988 7872
335449845 2182
337233665 1353
207765257 5680
393743754 2706
13048697 3145
305566543 5647
274647292 3880
280741030 9880
234350544 1145
142327512 3804
121180374 2517
25603733 5204
290239572 6394
206586286 4856
301454413 9719
312425431 697
176271391 6965
208694642 6914
197040233 1656
385117273 5250
55745066 6795
329642188 7531
130920803 5145
245384347 4919
11762513 2475
55854574 1997
175253158 8725
13193107 6937
284695488 2388
313682667 9838
51008832 4052
275562114 9043
260415236 9651
155383393 8160
308683264 1113
72549592 1991
367222502 5752
220899555 8737
92012602 7432
10664955 5673
389693893 3429
343228064 6361
14108091 7671
36527060 3342
194252323 8235
306554568 7600
153031059 6579
60024439 5124
178718368 3994
129257654 7373
241760991 3873
264701860 4279
240252649 2785
13881087 2360
181269792 3041
158662587 4084
253831888 8034
241349195 694
322616369 8591
248616827 9542
22739355 323
98438811 6698
332787131 7698
151028714 9
144665362 1039
102471931 3987
46555561 3748
19275230 7797
81919376 5358
1894915 4930
7200499 755
106200321 8446
112317600 2810
48517527 42
29835114 5279
37213802 2138
40786362 6993
36707566 4501
15437607 7613
5453070 7430
11205145 7812
6481860 4908
41176527 3500
4756996 2367
25543429 1151
39691429 8457
14339543 5879
37571122 2061
22113483 5123
18603454 5523
23629031 7472
9944204 5893
19597608 7906
14745790 626
5473862 4129
30314381 913
18751247 2426
38903753 6457
1896947 5475
4071126 8248
40330480 7497
43169772 7692
8193016 3868
34035767 5407
45542451 9513
39308514 7094
48277587 2261
36714803 1325
33698928 5299
36760644 3110
10375885 7429
33312779 719
18863711 9814
19936546 5653
42286792 9067
6464342 1725
200000 100
8910 4
8755 9
8592 3
242 4
3804 4
6306 6
6382 9
6204 4
5000 6
5828 10
1840 9
7638 8
5416 3
5668 9
9376 9
2670 9
9700 7
77 2
5019 3
6636 9
1923 3
1239 8
9227 5
9690 3
7446 8
4779 6
3194 2
8044 6
4116 5
4988 8
5122 2
3363 9
7924 10
6105 3
7633 9
4505 6
6560 2
3084 3
8193 4
9770 2
6865 2
4305 7
3494 2
5049 9
8862 9
3237 6
804 7
3356 10
4544 5
9017 6
5981 3
8150 9
773 4
114 2
1227 10
9482 3
6068 3
6906 8
1144 3
7414 10
6005 8
7063 4
2355 4
9180 3
6090 2
8603 5
9116 6
2141 2
9004 6
2261 3
223 8
9771 1
6166 4
3904 3
4982 8
9578 3
6527 10
1877 4
6574 5
8088 7
725 8
6787 4
5746 3
5116 10
5904 5
2332 9
9143 7
8493 6
6025 9
2674 10
3161 7
9532 3
1807 2
4775 10
5187 3
3802 10
2051 4
7639 7
2818 2
2776 6
518816357 27
51248417 6837
443500040 8738
187230016 2341
286878416 9138
54348409 1582
127398313 3382
54536194 8994
260622581 7950
84225583 4858
202610428 9723
134141873 8685
286570126 4919
47853294 9704
333278680 7385
123601648 3896
293505776 3521
63463377 3111
413061208 6711
377256893 5564
442976055 6870
370232480 1200
395736054 4248
242859254 8056
374450983 5419
289950983 5431
185611186 2521
175393786 1126
1000000000 1
1 1
200000 100
426 9
3879 9
4369 2
759 7
9084 3
2430 4
2861 3
3516 8
2763 3
4519 8
6461 5
8095 7
6671 7
8734 9
3036 6
2749 10
2802 5
3471 8
9025 10
1290 5
1327 8
3645 10
4086 4
8440 5
8964 8
6598 6
9048 9
299 6
875 5
8498 2
1412 7
5001 2
9159 10
1853 2
4005 3
207 8
5634 5
3101 3
5054 4
7334 10
2049 9
1052 9
993 9
5075 10
5509 3
9581 5
6916 8
6663 3
9034 6
564 5
5153 6
4946 2
820 2
4307 2
7119 8
4337 5
4765 5
4503 9
6981 3
6512 2
3071 2
5000 10
9582 1
8694 6
4738 2
7413 7
5239 7
1465 2
5975 2
1487 6
3050 8
3982 8
1260 9
6147 3
9567 8
2713 6
4379 7
4871 9
1926 8
1751 8
1538 7
827 4
8728 8
1292 9
4831 3
5112 5
316 10
6547 8
2363 2
2386 4
2954 2
7083 7
3875 10
6847 8
6625 8
1819 9
3218 9
9375 2
1098 9
3117 8
200000 100
8224 8
5028 8
6681 7
4214 4
5103 5
9985 1
7374 2
4903 8
431 8
5991 5
1503 7
4564 10
9223 7
3670 7
5252 5
2618 3
7239 6
226 5
6953 5
4187 3
8014 6
3816 10
9978 7
7303 8
3484 4
93 4
6704 5
5000 3
362 2
2590 10
9468 5
7387 5
1900 7
9559 5
3288 4
299 5
8383 6
632 7
7824 9
7288 3
4465 4
4260 4
3996 3
7971 10
954 6
5075 2
6746 7
415 9
5177 10
4501 5
3492 7
5576 6
9984 7
2534 6
3113 3
568 4
2527 5
6530 8
6875 5
1006 2
2378 3
1586 2
8037 3
9292 4
649 5
2570 6
3350 3
4818 4
3943 5
8899 6
7666 5
9810 5
5133 7
69 2
1661 4
7882 9
9791 8
233 2
4292 7
1075 8
327 6
5118 7
3135 7
8829 9
2646 4
5601 3
6047 5
5142 9
4681 3
7077 4
9207 7
4829 10
7849 3
2850 7
4790 5
3813 5
2554 9
7200 10
9974 10
5667 7
43761978 24
9492952 5773
10084715 4187
19225237 2066
22016261 989
34953761 6446
43522980 9180
35116304 6820
8578165 9874
25076103 8738
32670282 3508
16332843 8943
24086351 506
23133213 4014
22907326 3599
16347157 3405
14373817 8159
25475479 9257
23940362 577
28600969 84
39390296 8870
2148670 7947
41670713 3481
31735596 3268
16104007 6285
718980416 1
524357259 1092
352417223 5
249816279 3814
9290339 2458
160783243 947
51373830 9738
275086954 3069
328864600 26
49591929 8701
4885037 7183
76961484 8054
55486157 5304
153056122 426
42569538 4890
60038973 7609
11216458 5263
213272025 1647
24763028 3911
250361925 6407
267159693 1543
241128989 3137
55810783 7368
6513633 1949
171341850 9060
217761880 9928
292736603 690
282795540 42
107620622 1537
231188141 7568
37958806 3666
60298761 6307
183765492 9536
849856 3081
314956192 5440
420915934 33
358595468 4455
244158015 2283
259489482 4400
249570097 5234
124539151 9385
390949381 5003
58253284 6755
290166322 3067
77740231 6608
100788573 8663
361843770 6142
33101271 7891
41220399 615
267963378 8861
96410864 1489
232789646 2220
409544740 9220
78979837 8600
268705493 2770
333831852 8730
19884567 4249
226504085 9770
235361251 6256
164221608 9511
63795279 1676
273706767 3261
94133517 7979
6666104 920
84429621 2723
292848537 8472
273382805 3284
66696268 2477
406423547 340
770493208 1
724418625 5486
112680261 42
19906737 5092
36280787 681
78010636 5916
73446925 7010
68447577 8412
109272113 3998
56533586 5470
102929366 729
94031988 6446
98946787 4528
2567518 9805
15281751 6936
46200798 7516
111416082 4700
106695325 6323
104876580 1915
82382029 4071
97468930 6406
32031802 5107
88387904 4612
33577859 3462
27711835 1217
47677118 284
4128479 7729
14682452 7129
70920473 3220
108250345 7358
18381014 9849
45327267 7828
44091796 7481
108576426 7091
95267126 5730
30094933 7989
63722697 463
9546168 1292
30267325 9857
55059068 9928
42797914 4628
98000808 1419
77482875 13
82354782 6219
6785333 3394
1000000000 1
1 10000
729080333 7
403352276 5329
196973234 7699
476929347 8751
581558829 1067
274532816 9805
484266116 6340
249720040 7122
492596301 61
317444176 658
470571301 3188
198909616 4484
121309330 29
205961068 627
345731845 2674
179985391 5766
168688646 9110
465002152 8135
429217138 5379
483329196 5145
27694872 9443
164818206 3509
435690425 5791
176411166 6411
437576857 9116
304965393 4080
366981690 8887
179072395 1556
117354861 8325
363691300 9043
282196222 729
74159427 5326
290199351 542
363670024 6825
201662320 3517
209368725 3545
319503786 693
459135692 2417
389230225 8587
176170519 8907
373344700 4273
94228997 2620
122668904 7999
465758638 7804
269730734 8024
82057794 5561
227456147 9567
439703773 284
485316314 8067
349870793 6292
18013874 9519
81736499 8273
322747551 728
49628608 4731
166128272 1212
49992873 7343
340511480 1390
25193760 7054
273202491 1588
214176938 7838
9954380 473
277859254 724
222415493 1391
339269407 7481
372831973 2744
448650912 442
323569547 2988
159439357 7179
81648937 7869
96884292 4656
