99
2525 1
2400 5
300 2
120 60
60 90
1000000000 1
999999999 10000
929052572 1
897447829 1150
871582290 1
835286693 3222
728390102 1
151474871 9799
875642711 1
278538700 8391
751612833 1
185280845 2106
976146604 1
290819642 6320
849926119 2
627485667 5687
147656645 160
282099682 1
219361260 6784
803796027 1
698082073 6775
78366881 1
37666665 952
473456105 1
172864597 3955
1394016 1
210771 6326
1000000000 2
999999998 3
999999999 2
177964014 1
30929242 581
168924887 1
134552207 7790
264494414 1
177242801 9397
376648027 1
183228507 5061
1000000000 2
200 10000
100 10000
840001958 1
11953349 2034
1000000000 2
999000000 1
998000000 1
253540701 1
200733744 3710
272760451 1
75740831 2698
816476746 1
728541403 9646
960500412 1
881171125 4754
287280480 1
19308419 1310
323815585 1
44669025 1511
951877031 1
93797020 4077
705716642 1
428550819 7986
938379148 1
523806925 5050
795619799 1
647244513 9934
611285131 1
195081897 8677
921036920 1
615477518 4552
344996403 1
185089752 8973
628932847 1
130322901 9058
975170082 1
780753330 227
766303910 1
259616700 1134
304325367 1
210229442 1989
617094341 1
329679392 6808
920816134 1
704508200 7632
319517309 1
301337593 8095
724177084 1
482403838 2932
2 1
1 10000
1000000000 2
999999997 3
999999998 2
1000000000 2
12345676 2
12345675 3
397223513 1
16299611 3804
455422975 1
399469219 5961
966060472 1
774073440 2482
569833511 1
10121105 7094
423303524 1
240273406 1805
105994076 1
101492317 720
1000000000 1
999999999 1
1000000000 1
1 1
303026737 1
41985124 107
386419703 1
19361148 6456
405463604 1
84354295 9760
1000000000 2
1 3
2 2
1000000000 2
999999996 3
999999997 2
49378568 1
38816935 2509
3150932 1
3121850 5891
939237936 1
68074247 8868
1000000000 2
999000000 10000
998000000 10000
403588904 1
277394876 8716
534128042 1
23168603 7664
416046646 1
34974815 4587
440797214 1
358901001 4684
172988653 1
59607129 6938
940631270 1
576628364 9440
399501522 1
106621553 7747
732470263 2
242295878 2878
458126772 1117
1000000000 1
1 10000
305706781 1
149006467 3782
13799327 1
3649595 5807
791932189 1
538478155 8433
586184996 1
139896797 4653
409259845 1
349145071 8472
570505719 1
514778610 1047
442647935 1
287792336 2162
926849305 1
313811532 8685
894163485 1
479898295 959
194675270 1
168082522 5203
708522744 1
82864158 4873
218585598 1
144389588 9708
720342849 1
709315621 4534
200000 2
5000 7
5001 1
429990338 1
170768333 9690
500355424 1
67687481 4713
666773234 1
450714552 8525
837080764 1
651071912 3648
701392032 1
377997596 8930
2 1
1 1
343933482 1
45029806 9021
424323535 1
267190785 3554
171673653 1
8838857 3291
508438588 1
188148046 3305
877372977 1
346256642 5658
835861531 1
751547717 3837
