99
2525 1
2400 5
300 2
120 60
60 90
677346273 1
463983110 4501
727911807 1
629327952 5453
716167048 1
469007326 5985
439047373 2
435837322 6924
83558821 4139
256576340 1
109044887 6107
935616255 1
655263122 4008
1000000000 2
100 10000
200 10000
930069045 1
227003019 1520
467251658 1
432959847 7980
148639613 1
103577486 8967
793549350 1
332775089 1144
299571391 1
3775801 3256
509486644 1
237471720 7570
58375040 1
54050061 85
759173093 1
647286046 7208
445626210 1
391591929 2304
735312610 1
83873053 7989
569181103 2
254053859 6341
41876312 6850
188729221 1
115797543 7744
164206005 1
111628164 1058
684369657 1
12295373 5562
862305917 1
177569496 9397
225547779 1
48989174 7624
231638671 1
98671196 8351
902530325 1
776214553 3025
669793338 1
584815666 1298
622985923 1
554793576 4139
787811846 1
145858501 167
781726882 1
193446323 7900
2 1
1 1
870673485 1
755835426 798
672374178 1
470670397 8036
2 1
1 10000
334848394 1
30337781 2126
875269353 1
710484406 7657
554321240 1
259377674 5042
525739465 1
258965338 2953
682915771 1
668127287 9955
1000000000 1
1 10000
120848499 1
37655801 1344
534350921 1
157111357 421
188689106 1
94963299 9168
928638778 1
547388820 7872
369266130 1
31918266 5091
1000000000 2
999999997 2
999999996 3
200000 2
5001 1
5000 9
685336207 1
673625684 9776
845489674 1
59134606 3218
1000000000 1
1 1
238010483 1
135838765 4437
1000000000 2
998000000 10000
999000000 10000
272023827 1
88629827 6491
1000000000 2
12345676 2
12345675 3
429063635 1
422217804 3264
137386809 1
123034308 5863
483131286 1
298361698 5604
891387344 1
848281699 5915
743049158 1
11074136 6842
699211288 1
686868292 5069
428517026 1
154196004 335
1000000000 2
999999998 3
999999999 2
199310738 1
143228805 775
643520854 1
509392276 465
750706472 1
401356167 7384
937863681 1
859077873 3277
655330100 1
213134268 8082
796450114 1
317043821 7307
1000000000 2
2 2
1 3
382540211 1
261514270 4740
1000000000 2
999000000 1
998000000 1
595382504 1
270116064 4072
947625912 1
791219733 4658
539378918 1
416569929 1168
379267403 1
69709003 265
775758844 1
259994514 5417
1000000000 2
999999998 2
999999997 3
900840419 1
267412769 3686
962563486 1
483526150 3345
883366277 1
228319943 4499
397045071 1
256919525 5993
442987047 1
175181995 5660
561972642 1
80338598 5137
509776496 1
154039423 759
158568710 1
65807806 7993
737170807 1
359504870 2096
320161204 1
91236391 6074
373652427 1
59446820 9651
1000000000 1
999999999 1
403508811 1
209049949 4573
660654527 1
131243377 7304
617806225 1
254196805 7748
600262819 1
74114449 9280
1000000000 1
999999999 10000
940696548 1
922788778 1039
420742969 1
239963332 5580
464975645 1
131813737 1173
906692749 1
264051166 9521
