99
6 2 0 2 0 2 0
3 1 0 2 0 0 0
949 93 0 459 0 397 0
720 256 0 307 0 157 0
64 25 0 31 0 8 0
999 250 0 500 0 249 0
215 107 0 69 0 39 0
5 0 0 2 0 3 0
511 94 0 208 0 209 0
913 232 0 241 0 440 0
999 333 0 333 0 333 0
251 118 0 53 0 80 0
827 355 0 363 0 109 0
935 845 0 78 0 12 0
6 3 0 2 0 1 0
852 211 0 282 0 359 0
957 350 0 216 0 391 0
999 499 0 1 0 499 0
427 197 0 64 0 166 0
3 1 0 1 0 1 0
666 55 0 312 0 299 0
609 240 0 269 0 100 0
661 173 0 248 0 240 0
999 250 0 499 0 250 0
872 318 0 359 0 195 0
6 3 0 0 0 3 0
941 243 0 344 0 354 0
883 62 0 53 0 768 0
3 0 0 1 0 2 0
4 2 0 1 0 1 0
4 1 0 2 0 1 0
749 368 0 140 0 241 0
937 202 0 290 0 445 0
489 203 0 177 0 109 0
997 419 0 363 0 215 0
717 66 0 329 0 322 0
92 32 0 35 0 25 0
680 62 0 307 0 311 0
807 381 0 104 0 322 0
107 32 0 43 0 32 0
927 434 0 258 0 235 0
581 284 0 63 0 234 0
466 113 0 139 0 214 0
999 500 0 0 0 499 0
251 68 0 77 0 106 0
942 213 0 288 0 441 0
679 304 0 66 0 309 0
1000 500 0 1 0 499 0
1000 334 0 333 0 333 0
8 1 0 3 0 4 0
5 1 0 2 0 2 0
235 8 0 4 0 223 0
1000 499 0 0 0 501 0
503 344 0 79 0 80 0
139 65 0 16 0 58 0
193 96 0 92 0 5 0
880 165 0 17 0 698 0
907 282 0 431 0 194 0
4 0 0 2 0 2 0
147 27 0 58 0 62 0
971 283 0 384 0 304 0
500 172 0 96 0 232 0
711 301 0 110 0 300 0
463 103 0 152 0 208 0
297 148 0 137 0 12 0
719 207 0 359 0 153 0
3 0 0 3 0 0 0
749 240 0 347 0 162 0
640 286 0 190 0 164 0
323 278 0 29 0 16 0
1000 250 0 250 0 500 0
841 605 0 160 0 76 0
160 47 0 35 0 78 0
705 333 0 22 0 350 0
768 232 0 282 0 254 0
624 232 0 227 0 165 0
4 1 0 3 0 0 0
334 135 0 76 0 123 0
7 2 0 2 0 3 0
586 162 0 140 0 284 0
24 8 0 5 0 11 0
150 66 0 33 0 51 0
269 13 0 247 0 9 0
509 470 0 7 0 32 0
541 122 0 223 0 196 0
759 108 0 535 0 116 0
977 226 0 421 0 330 0
191 91 0 71 0 29 0
738 243 0 134 0 361 0
639 102 0 318 0 219 0
231 109 0 97 0 25 0
505 247 0 109 0 149 0
773 273 0 363 0 137 0
5 1 0 1 0 3 0
1000 500 0 0 0 500 0
22 10 0 1 0 11 0
4 1 0 1 0 2 0
37 6 0 17 0 14 0
287 33 0 119 0 135 0
