99
6 2 0 2 0 2 0
3 1 0 2 0 0 0
373 215 0 148 0 10 0
487 118 0 225 0 144 0
3 1 0 0 0 2 0
4 2 0 1 0 1 0
38 5 0 18 0 15 0
539 242 0 71 0 226 0
5 3 0 0 0 2 0
576 98 0 219 0 259 0
875 277 0 343 0 255 0
364 148 0 82 0 134 0
4 0 0 2 0 2 0
5 2 0 1 0 2 0
316 5 0 156 0 155 0
264 11 0 202 0 51 0
999 499 0 250 0 250 0
595 261 0 84 0 250 0
1000 333 0 333 0 334 0
765 293 0 235 0 237 0
1000 0 0 501 0 499 0
310 70 0 85 0 155 0
584 238 0 163 0 183 0
283 37 0 118 0 128 0
984 88 0 545 0 351 0
55 27 0 18 0 10 0
872 434 0 335 0 103 0
5 1 0 1 0 3 0
503 84 0 244 0 175 0
585 259 0 66 0 260 0
999 0 0 499 0 500 0
75 24 0 27 0 24 0
84 17 0 34 0 33 0
839 366 0 281 0 192 0
4 2 0 2 0 0 0
284 101 0 50 0 133 0
155 29 0 18 0 108 0
644 275 0 312 0 57 0
577 119 0 176 0 282 0
6 0 0 3 0 3 0
733 363 0 78 0 292 0
665 317 0 225 0 123 0
864 294 0 320 0 250 0
1000 499 0 500 0 1 0
369 62 0 92 0 215 0
3 3 0 0 0 0 0
451 173 0 73 0 205 0
90 29 0 21 0 40 0
32 14 0 11 0 7 0
956 310 0 439 0 207 0
787 333 0 157 0 297 0
59 23 0 7 0 29 0
514 34 0 245 0 235 0
841 244 0 361 0 236 0
230 106 0 38 0 86 0
28 7 0 8 0 13 0
187 11 0 19 0 157 0
999 499 0 499 0 1 0
4 1 0 1 0 2 0
7 2 0 3 0 2 0
71 33 0 8 0 30 0
209 59 0 54 0 96 0
4 1 0 2 0 1 0
62 17 0 8 0 37 0
950 438 0 240 0 272 0
999 333 0 333 0 333 0
676 134 0 226 0 316 0
543 88 0 187 0 268 0
149 58 0 52 0 39 0
1000 500 0 500 0 0 0
261 92 0 44 0 125 0
977 115 0 461 0 401 0
6 2 0 3 0 1 0
967 427 0 379 0 161 0
682 20 0 230 0 432 0
816 307 0 325 0 184 0
103 19 0 37 0 47 0
779 256 0 136 0 387 0
925 327 0 324 0 274 0
189 69 0 69 0 51 0
427 216 0 126 0 85 0
156 21 0 65 0 70 0
4 1 0 3 0 0 0
605 164 0 166 0 275 0
3 1 0 1 0 1 0
86 30 0 37 0 19 0
909 85 0 424 0 400 0
1000 250 0 250 0 500 0
305 93 0 93 0 119 0
133 33 0 42 0 58 0
381 120 0 164 0 97 0
218 143 0 50 0 25 0
183 59 0 47 0 77 0
999 250 0 500 0 249 0
243 99 0 55 0 89 0
615 181 0 142 0 292 0
427 34 0 185 0 208 0
84 39 0 32 0 13 0
413 145 0 124 0 144 0
