99
6 2 0 2 0 2 0
3 1 0 2 0 0 0
787 232 0 225 0 330 0
520 205 0 111 0 204 0
410 93 0 124 0 193 0
6 1 0 2 0 3 0
513 138 0 168 0 207 0
874 394 0 370 0 110 0
182 1 0 50 0 131 0
814 196 0 287 0 331 0
3 1 0 1 0 1 0
74 25 0 13 0 36 0
693 316 0 226 0 151 0
681 180 0 256 0 245 0
3 0 0 0 0 3 0
888 326 0 139 0 423 0
1000 0 0 499 0 501 0
98 19 0 40 0 39 0
593 223 0 154 0 216 0
460 200 0 63 0 197 0
163 4 0 4 0 155 0
867 169 0 389 0 309 0
451 107 0 211 0 133 0
1000 334 0 333 0 333 0
461 142 0 105 0 214 0
88 41 0 44 0 3 0
4 1 0 2 0 1 0
993 359 0 245 0 389 0
264 131 0 71 0 62 0
5 1 0 3 0 1 0
904 33 0 32 0 839 0
896 423 0 385 0 88 0
294 96 0 116 0 82 0
1000 250 0 500 0 250 0
773 229 0 162 0 382 0
230 9 0 210 0 11 0
537 151 0 230 0 156 0
239 89 0 93 0 57 0
598 194 0 271 0 133 0
999 499 0 250 0 250 0
999 499 0 1 0 499 0
4 1 0 1 0 2 0
51 25 0 14 0 12 0
128 10 0 15 0 103 0
5 3 0 2 0 0 0
4 2 0 1 0 1 0
508 84 0 229 0 195 0
545 12 0 74 0 459 0
664 188 0 213 0 263 0
427 117 0 101 0 209 0
556 120 0 200 0 236 0
550 146 0 160 0 244 0
657 280 0 265 0 112 0
999 0 0 499 0 500 0
42 16 0 9 0 17 0
1000 0 0 500 0 500 0
434 116 0 180 0 138 0
609 299 0 37 0 273 0
101 15 0 43 0 43 0
533 262 0 180 0 91 0
472 94 0 203 0 175 0
56 8 0 22 0 26 0
450 221 0 42 0 187 0
483 97 0 217 0 169 0
889 407 0 308 0 174 0
999 333 0 333 0 333 0
865 51 0 566 0 248 0
34 17 0 0 0 17 0
698 189 0 193 0 316 0
511 197 0 230 0 84 0
577 196 0 280 0 101 0
633 200 0 154 0 279 0
398 43 0 199 0 156 0
754 231 0 263 0 260 0
890 261 0 285 0 344 0
245 47 0 93 0 105 0
652 86 0 258 0 308 0
1000 1 0 500 0 499 0
5 1 0 2 0 2 0
4 3 0 1 0 0 0
277 133 0 26 0 118 0
461 190 0 244 0 27 0
805 332 0 148 0 325 0
145 61 0 43 0 41 0
4 2 0 2 0 0 0
388 63 0 169 0 156 0
4 2 0 0 0 2 0
55 12 0 27 0 16 0
881 386 0 188 0 307 0
363 56 0 93 0 214 0
6 0 0 3 0 3 0
562 276 0 253 0 33 0
17 3 0 7 0 7 0
3 1 0 0 0 2 0
818 383 0 365 0 70 0
999 250 0 500 0 249 0
296 37 0 111 0 148 0
7 2 0 2 0 3 0
558 443 0 98 0 17 0
