99
6 2 0 2 0 2 0
3 1 0 2 0 0 0
15 5 0 3 0 7 0
995 429 0 105 0 461 0
461 32 0 204 0 225 0
717 345 0 34 0 338 0
1000 499 0 1 0 500 0
903 222 0 356 0 325 0
725 198 0 321 0 206 0
1000 501 0 0 0 499 0
759 351 0 246 0 162 0
913 648 0 81 0 184 0
4 0 0 2 0 2 0
677 185 0 175 0 317 0
999 499 0 500 0 0 0
7 2 0 2 0 3 0
360 47 0 180 0 133 0
329 57 0 137 0 135 0
769 380 0 102 0 287 0
413 86 0 173 0 154 0
831 235 0 287 0 309 0
999 333 0 333 0 333 0
3 0 0 3 0 0 0
259 56 0 89 0 114 0
54 24 0 6 0 24 0
776 344 0 168 0 264 0
414 51 0 188 0 175 0
719 80 0 298 0 341 0
243 88 0 113 0 42 0
3 0 0 1 0 2 0
189 47 0 57 0 85 0
500 39 0 17 0 444 0
999 500 0 250 0 249 0
998 332 0 431 0 235 0
835 124 0 295 0 416 0
279 131 0 98 0 50 0
5 2 0 1 0 2 0
207 31 0 25 0 151 0
957 396 0 104 0 457 0
437 195 0 51 0 191 0
4 2 0 0 0 2 0
116 21 0 54 0 41 0
673 235 0 127 0 311 0
382 283 0 15 0 84 0
999 499 0 499 0 1 0
456 224 0 214 0 18 0
751 232 0 181 0 338 0
665 645 0 13 0 7 0
724 277 0 279 0 168 0
105 42 0 49 0 14 0
791 364 0 316 0 111 0
256 82 0 46 0 128 0
4 2 0 1 0 1 0
612 237 0 197 0 178 0
77 29 0 10 0 38 0
534 24 0 258 0 252 0
1000 334 0 333 0 333 0
707 95 0 612 0 0 0
691 198 0 218 0 275 0
802 398 0 336 0 68 0
159 60 0 38 0 61 0
518 144 0 244 0 130 0
999 250 0 250 0 499 0
4 1 0 2 0 1 0
204 28 0 73 0 103 0
4 1 0 3 0 0 0
740 223 0 254 0 263 0
892 277 0 430 0 185 0
6 3 0 0 0 3 0
304 72 0 130 0 102 0
693 323 0 71 0 299 0
4 1 0 1 0 2 0
3 1 0 1 0 1 0
6 3 0 2 0 1 0
499 141 0 201 0 157 0
670 328 0 50 0 292 0
880 781 0 74 0 25 0
5 1 0 3 0 1 0
978 385 0 107 0 486 0
965 472 0 391 0 102 0
414 206 0 128 0 80 0
567 246 0 203 0 118 0
213 31 0 81 0 101 0
1000 250 0 250 0 500 0
5 0 0 3 0 2 0
130 44 0 24 0 62 0
1000 500 0 500 0 0 0
603 297 0 126 0 180 0
387 187 0 24 0 176 0
798 300 0 324 0 174 0
20 5 0 7 0 8 0
372 84 0 175 0 113 0
29 13 0 4 0 12 0
239 5 0 2 0 232 0
427 154 0 180 0 93 0
511 166 0 125 0 220 0
757 42 0 6 0 709 0
75 13 0 30 0 32 0
613 253 0 135 0 225 0
