99
6 2 0 2 0 2 0
3 1 0 2 0 0 0
448 180 0 95 0 173 0
4 2 0 2 0 0 0
875 372 0 388 0 115 0
695 297 0 160 0 238 0
980 267 0 139 0 574 0
841 265 0 190 0 386 0
443 47 0 168 0 228 0
344 162 0 104 0 78 0
929 322 0 303 0 304 0
431 173 0 110 0 148 0
885 225 0 64 0 596 0
721 313 0 88 0 320 0
522 196 0 181 0 145 0
797 115 0 394 0 288 0
422 46 0 189 0 187 0
1000 250 0 250 0 500 0
39 19 0 14 0 6 0
571 193 0 135 0 243 0
377 295 0 57 0 25 0
662 290 0 274 0 98 0
437 322 0 22 0 93 0
302 118 0 132 0 52 0
1000 500 0 0 0 500 0
58 26 0 20 0 12 0
211 40 0 76 0 95 0
285 42 0 146 0 97 0
399 197 0 49 0 153 0
890 330 0 331 0 229 0
331 90 0 117 0 124 0
349 60 0 146 0 143 0
601 186 0 118 0 297 0
778 166 0 281 0 331 0
902 411 0 363 0 128 0
849 308 0 145 0 396 0
325 158 0 81 0 86 0
999 250 0 250 0 499 0
1000 501 0 499 0 0 0
897 392 0 189 0 316 0
771 268 0 255 0 248 0
56 27 0 25 0 4 0
474 72 0 213 0 189 0
498 129 0 128 0 241 0
279 117 0 73 0 89 0
519 193 0 173 0 153 0
6 2 0 1 0 3 0
949 19 0 861 0 69 0
317 108 0 141 0 68 0
999 499 0 0 0 500 0
630 236 0 266 0 128 0
1000 500 0 1 0 499 0
7 2 0 2 0 3 0
304 143 0 13 0 148 0
834 141 0 303 0 390 0
4 2 0 1 0 1 0
823 335 0 165 0 323 0
4 1 0 2 0 1 0
406 195 0 95 0 116 0
828 374 0 273 0 181 0
119 37 0 45 0 37 0
586 103 0 269 0 214 0
106 52 0 28 0 26 0
900 186 0 353 0 361 0
999 1 0 499 0 499 0
681 230 0 153 0 298 0
672 208 0 282 0 182 0
999 249 0 500 0 250 0
839 371 0 398 0 70 0
440 238 0 94 0 108 0
736 352 0 55 0 329 0
235 82 0 77 0 76 0
5 1 0 3 0 1 0
532 200 0 132 0 200 0
855 170 0 352 0 333 0
4 0 0 1 0 3 0
6 3 0 0 0 3 0
612 297 0 194 0 121 0
4 1 0 1 0 2 0
227 87 0 85 0 55 0
645 313 0 134 0 198 0
899 127 0 354 0 418 0
134 36 0 32 0 66 0
727 359 0 141 0 227 0
493 233 0 246 0 14 0
999 333 0 333 0 333 0
3 1 0 1 0 1 0
301 140 0 139 0 22 0
5 0 0 3 0 2 0
3 0 0 3 0 0 0
38 10 0 12 0 16 0
503 144 0 11 0 348 0
5 2 0 2 0 1 0
254 0 0 183 0 71 0
4 0 0 2 0 2 0
59 22 0 25 0 12 0
1000 334 0 333 0 333 0
798 349 0 244 0 205 0
149 65 0 48 0 36 0
