99
6 2 0 2 0 2 0
3 1 0 2 0 0 0
983 165 0 441 0 377 0
482 21 0 399 0 62 0
739 21 0 349 0 369 0
999 500 0 499 0 0 0
372 184 0 182 0 6 0
6 3 0 3 0 0 0
848 313 0 227 0 308 0
4 2 0 0 0 2 0
549 277 0 204 0 68 0
4 0 0 2 0 2 0
3 0 0 3 0 0 0
4 2 0 1 0 1 0
556 127 0 255 0 174 0
1000 0 0 501 0 499 0
823 337 0 110 0 376 0
32 8 0 12 0 12 0
70 23 0 22 0 25 0
1000 499 0 500 0 1 0
1000 500 0 500 0 0 0
814 320 0 341 0 153 0
999 333 0 333 0 333 0
580 154 0 217 0 209 0
256 17 0 50 0 189 0
311 19 0 50 0 242 0
823 145 0 334 0 344 0
269 48 0 90 0 131 0
5 3 0 1 0 1 0
234 103 0 79 0 52 0
3 1 0 1 0 1 0
583 282 0 166 0 135 0
999 249 0 500 0 250 0
566 269 0 34 0 263 0
174 81 0 18 0 75 0
724 129 0 330 0 265 0
5 0 0 3 0 2 0
141 56 0 29 0 56 0
661 317 0 50 0 294 0
57 40 0 6 0 11 0
191 72 0 81 0 38 0
126 11 0 5 0 110 0
149 22 0 29 0 98 0
620 231 0 262 0 127 0
394 46 0 179 0 169 0
869 92 0 343 0 434 0
973 412 0 335 0 226 0
947 465 0 232 0 250 0
1000 500 0 250 0 250 0
991 156 0 420 0 415 0
292 131 0 88 0 73 0
821 86 0 385 0 350 0
7 2 0 2 0 3 0
507 243 0 217 0 47 0
1000 334 0 333 0 333 0
830 309 0 180 0 341 0
246 116 0 79 0 51 0
49 21 0 4 0 24 0
999 499 0 1 0 499 0
4 1 0 1 0 2 0
151 75 0 48 0 28 0
65 30 0 10 0 25 0
465 211 0 128 0 126 0
786 381 0 12 0 393 0
190 74 0 92 0 24 0
180 51 0 90 0 39 0
4 1 0 2 0 1 0
900 206 0 343 0 351 0
324 118 0 54 0 152 0
328 5 0 159 0 164 0
405 164 0 144 0 97 0
659 291 0 152 0 216 0
194 74 0 93 0 27 0
97 30 0 29 0 38 0
998 486 0 277 0 235 0
4 3 0 1 0 0 0
903 314 0 162 0 427 0
459 225 0 156 0 78 0
571 268 0 148 0 155 0
5 1 0 2 0 2 0
760 230 0 163 0 367 0
549 44 0 169 0 336 0
146 37 0 67 0 42 0
515 202 0 238 0 75 0
896 445 0 303 0 148 0
6 2 0 3 0 1 0
223 35 0 80 0 108 0
660 155 0 242 0 263 0
881 319 0 203 0 359 0
47 22 0 6 0 19 0
855 77 0 555 0 223 0
936 330 0 420 0 186 0
447 210 0 51 0 186 0
757 98 0 299 0 360 0
979 489 0 477 0 13 0
143 8 0 97 0 38 0
918 244 0 251 0 423 0
999 250 0 250 0 499 0
689 308 0 134 0 247 0
