100
2 3
1 2
1 2
3 3
1 2
2 3
2 2
3 3
1 1
2 2
1 2
100 12
5 7
8 11
8 10
7 12
2 9
2 12
1 11
1 8
6 9
2 5
4 10
7 10
12 12
8 9
10 11
8 8
1 12
5 11
9 9
2 4
3 3
6 10
5 6
4 5
9 12
3 12
3 5
10 10
4 8
3 7
2 10
8 10
3 7
9 10
3 10
2 5
2 12
4 8
5 11
3 11
2 2
3 9
1 11
5 12
2 9
1 8
11 11
4 9
9 11
11 12
5 8
6 6
1 5
4 12
5 6
2 6
7 12
3 6
9 12
7 8
1 3
1 2
2 11
11 12
2 3
3 10
4 6
1 3
3 5
3 6
6 10
4 10
8 9
6 7
6 8
10 12
2 7
10 11
4 4
4 9
10 12
6 12
7 10
7 8
2 8
4 12
5 8
2 8
6 8
3 12
9 11
1 12
5 10
2 7
9 10
1 5
5 12
5 5
5 9
8 12
40 51
13 40
33 41
31 43
16 26
5 43
1 38
9 22
5 35
37 50
4 20
37 49
40 51
15 45
34 41
20 43
23 26
4 8
40 43
14 14
21 28
26 35
16 45
1 15
1 40
29 51
37 44
44 46
31 43
6 41
1 8
9 34
6 42
38 45
18 39
11 29
31 50
11 24
3 34
10 37
39 51
100 20
2 4
8 14
10 20
9 20
13 14
2 19
4 10
3 17
10 14
1 14
6 19
1 2
5 9
1 15
6 9
11 18
9 19
12 20
1 15
10 10
1 8
11 12
5 13
12 20
8 11
7 14
4 18
5 19
2 4
5 10
4 13
15 19
3 15
2 14
9 15
9 17
7 7
10 17
8 20
3 18
3 9
11 18
4 6
7 9
16 19
2 17
8 16
18 19
12 16
7 12
1 20
8 18
12 17
7 9
13 16
10 14
9 15
14 18
10 18
2 3
12 17
5 9
6 16
11 13
3 14
5 18
7 13
12 18
9 11
4 17
6 18
13 16
1 5
7 17
20 20
4 15
4 7
11 14
2 6
2 7
4 19
1 8
6 11
17 18
11 14
13 13
10 19
9 17
2 20
2 15
11 13
4 4
7 16
14 16
5 19
9 9
8 19
3 16
14 18
7 14
100 100
3 76
27 88
32 36
24 93
13 26
36 95
23 96
35 42
26 86
21 74
51 96
16 38
66 100
23 96
24 93
5 49
70 74
15 34
34 53
38 89
16 38
78 93
23 56
5 52
83 85
1 17
7 57
34 53
28 72
31 87
11 94
62 80
30 55
52 80
66 89
34 49
35 60
83 85
62 80
26 86
25 33
19 47
11 94
51 96
27 61
52 80
59 99
70 74
43 63
17 40
16 54
57 83
32 36
27 88
35 42
43 60
27 61
40 64
75 88
19 47
6 100
1 75
5 49
38 89
75 88
66 100
6 100
31 87
23 56
5 52
78 93
17 40
27 73
43 60
7 57
59 99
27 73
13 38
1 17
36 95
27 99
27 99
25 33
34 49
43 63
40 64
16 54
21 74
41 96
28 72
66 89
1 75
3 76
13 26
30 55
15 34
13 38
57 83
41 96
35 60
44 10
5 6
3 9
4 10
3 9
4 8
3 8
7 8
2 5
1 9
4 5
6 10
1 3
1 4
3 6
1 4
2 5
1 8
1 6
5 10
1 2
1 2
3 5
9 10
2 4
3 5
5 7
5 6
6 10
4 6
3 7
2 10
4 6
4 7
5 9
2 9
2 4
6 8
7 9
2 9
1 6
1 8
2 10
5 5
4 10
100 100
9 63
15 38
54 80
3 50
28 33
16 92
3 87
44 87
17 29
68 99
46 100
6 89
29 84
37 53
7 73
53 89
16 76
12 62
9 22
45 77
51 55
44 72
63 98
29 78
58 60
39 70
6 56
30 98
40 77
5 50
20 61
78 84
10 29
61 68
51 72
32 82
29 35
9 70
20 81
37 82
32 84
59 67
2 36
25 82
6 30
14 98
38 70
43 81
17 22
76 84
28 80
70 78
46 48
15 15
50 100
70 71
19 94
56 59
41 46
78 100
32 59
20 89
30 64
13 72
57 82
22 95
16 86
66 93
45 54
83 96
4 22
70 78
21 100
12 65
87 91
4 68
53 79
26 59
6 97
64 79
4 51
7 52
45 88
58 85
11 14
47 53
28 66
23 85
49 82
1 5
57 100
12 48
21 23
63 65
45 86
23 73
74 94
34 53
24 70
53 71
76 59
3 43
16 31
49 54
30 49
24 27
3 53
25 42
40 42
57 59
22 35
5 52
8 21
12 35
20 37
10 55
8 22
4 28
54 58
20 35
36 58
9 52
23 41
42 55
40 46
31 59
44 45
21 36
33 55
15 22
30 49
9 45
20 49
9 52
22 27
22 25
27 40
51 56
39 41
5 46
32 47
9 48
28 30
43 52
3 32
12 25
27 39
19 20
46 55
17 51
6 30
35 49
5 40
23 55
1 38
7 40
18 41
5 15
14 26
10 29
15 35
29 55
6 39
25 50
39 54
18 27
1 45
25 45
1 45
14 31
26 32
11 26
8 36
2 22
27 29
46 56
3 33
100 100
34 63
3 70
3 46
25 27
74 95
54 75
23 94
6 23
87 94
45 78
25 68
19 20
22 28
25 59
25 63
41 83
53 100
48 93
53 96
7 81
40 96
34 58
7 14
11 12
85 88
4 89
10 78
20 98
7 43
89 96
29 47
9 46
20 48
9 35
8 90
11 11
40 56
22 60
69 94
17 50
76 83
28 79
56 67
54 63
55 76
3 29
6 59
51 55
29 85
58 100
2 58
32 65
13 29
11 70
56 77
8 75
58 98
15 25
37 73
84 95
44 62
26 75
1 90
46 67
59 93
55 66
21 55
54 72
71 92
3 30
52 91
76 87
38 86
24 51
38 52
32 97
65 88
4 100
25 99
69 82
23 49
33 36
41 50
55 66
23 46
2 46
16 90
73 74
57 71
31 66
4 89
5 34
35 96
70 71
26 58
12 30
55 68
9 32
33 90
35 88
80 50
31 40
1 10
17 33
2 26
2 34
31 41
21 35
21 34
29 38
12 21
16 40
34 36
29 37
5 37
19 46
5 18
4 7
31 33
33 44
8 25
4 32
2 9
10 29
7 25
34 47
6 45
32 40
6 12
16 43
11 13
8 26
15 47
4 8
1 34
13 21
42 44
6 10
39 46
21 34
36 40
20 22
14 30
14 27
2 23
18 37
24 26
27 47
45 45
22 36
11 11
48 50
7 18
1 24
24 40
25 33
33 43
44 46
32 34
4 14
1 44
29 43
20 43
14 33
23 24
35 38
4 17
1 19
22 43
5 41
2 18
16 28
3 39
8 15
8 21
4 32
17 36
11 32
6 44
6 16
9 22
3 2
1 2
1 2
1 1
100 100
29 32
54 64
1 88
20 45
7 86
80 86
35 43
31 93
14 17
19 96
16 94
47 56
2 61
14 22
28 76
65 76
90 96
20 58
17 68
20 33
31 80
76 88
4 68
24 32
15 34
28 37
5 18
3 62
52 87
32 55
32 61
32 90
44 82
62 82
23 77
57 76
8 83
22 72
14 50
90 93
26 35
59 66
5 81
5 51
31 99
2 71
28 100
26 73
64 94
39 39
13 35
34 41
2 40
12 36
44 85
18 82
21 93
49 55
23 28
33 48
22 79
32 87
3 56
2 15
53 98
56 91
33 49
40 48
17 55
18 75
48 61
82 92
62 71
44 75
74 83
16 74
28 84
54 100
37 65
10 88
34 87
22 89
90 96
16 21
72 87
49 60
40 99
67 74
20 94
48 97
17 79
23 26
30 42
38 89
16 34
66 82
37 39
18 62
68 79
36 76
100 100
8 73
62 77
51 54
25 72
26 52
4 33
36 99
53 92
55 89
19 89
65 85
1 68
19 94
71 77
22 92
26 64
81 84
50 52
68 97
11 19
15 83
9 51
47 74
12 91
12 12
5 31
4 6
41 47
21 45
6 28
35 39
32 46
2 5
29 83
42 77
2 87
36 68
57 87
84 99
71 84
13 84
57 74
3 53
4 78
63 76
22 53
17 68
59 79
3 96
76 100
54 84
15 100
24 43
6 26
61 65
69 76
1 26
42 81
58 98
20 64
19 86
32 73
57 70
30 91
68 92
58 94
34 41
2 86
4 34
41 95
89 100
29 99
48 77
22 34
31 75
12 57
44 94
22 39
14 14
5 63
72 89
81 95
24 40
18 43
1 45
18 44
18 91
28 48
31 64
5 13
1 50
51 53
52 76
73 87
47 92
6 44
29 54
10 65
27 45
33 42
47 93
13 20
16 50
47 90
15 18
22 34
1 17
30 57
17 41
60 90
37 77
30 78
28 87
5 7
51 75
40 64
37 87
63 71
6 14
44 53
7 51
16 49
46 59
12 65
2 6
37 80
34 82
11 65
8 86
51 83
13 93
34 85
31 35
28 68
17 43
56 72
29 40
1 23
15 53
9 18
70 74
16 84
37 69
15 26
66 69
51 86
59 85
21 57
2 100
1 1
1 2
100 100
25 73
33 85
75 92
39 72
6 35
31 60
41 87
28 54
63 84
33 90
29 59
61 72
26 37
13 76
7 15
45 51
3 11
52 65
57 63
11 31
8 64
5 31
55 89
18 91
2 32
3 55
79 92
10 57
5 15
2 2
45 73
78 99
53 73
20 97
87 91
52 59
30 66
42 96
47 99
8 88
35 92
4 6
74 75
7 79
16 65
25 27
9 64
2 69
21 23
52 54
17 38
5 49
6 32
20 61
55 62
29 66
49 83
21 50
9 38
27 76
37 45
81 95
1 57
42 100
25 89
15 51
28 84
79 95
41 68
18 71
82 87
33 42
53 86
47 62
4 62
5 92
47 85
87 91
22 52
5 74
5 17
37 64
76 80
12 77
22 34
13 57
18 64
48 80
60 81
12 97
29 43
34 34
6 10
49 66
32 89
10 97
46 80
20 72
25 35
22 96
36 100
33 83
33 88
36 83
36 87
38 83
35 88
36 88
36 85
38 87
35 86
38 85
35 85
34 85
37 86
37 87
36 84
34 86
33 86
36 86
34 88
34 83
35 84
35 83
37 85
37 84
33 85
34 87
37 83
33 84
34 84
38 86
33 87
38 84
38 88
35 87
37 88
30 6
1 2
1 3
4 6
3 4
1 6
1 2
2 6
2 6
2 5
2 5
2 4
3 4
5 6
1 5
1 5
2 4
3 6
3 5
2 3
1 6
1 4
2 3
4 5
1 4
3 6
4 6
5 6
3 5
4 5
1 3
100 100
75 97
70 84
72 75
55 90
71 100
64 87
80 98
60 85
57 97
57 84
50 94
51 94
74 88
76 84
56 83
83 94
55 82
57 57
80 83
68 96
71 86
57 64
50 79
60 92
84 90
64 79
63 94
57 85
97 98
62 64
74 75
50 82
55 66
78 84
65 68
51 72
56 81
50 94
81 81
61 66
64 76
52 90
70 95
53 88
56 74
70 83
52 67
69 72
64 95
71 100
95 98
63 99
92 99
85 87
69 97
52 77
56 57
66 97
64 97
78 88
60 68
51 75
60 81
55 70
59 79
62 95
58 67
86 91
57 70
58 95
52 91
52 68
53 82
74 83
85 91
75 78
74 93
72 91
73 84
64 69
70 73
72 84
59 83
90 94
81 90
86 94
79 89
57 67
55 86
57 75
55 59
50 74
57 60
70 96
83 93
65 98
58 95
91 93
75 94
84 99
100 100
23 76
12 92
6 55
37 90
51 63
13 68
2 6
29 63
21 39
11 97
41 79
38 86
70 93
29 70
66 74
20 99
36 82
36 43
30 41
11 15
72 99
15 26
28 73
1 97
13 79
29 34
11 29
31 65
9 98
31 40
8 70
25 67
4 43
2 36
60 94
36 98
30 80
19 31
25 58
5 76
40 81
39 44
31 68
9 10
7 67
11 26
17 51
78 84
14 71
29 85
7 82
42 53
77 94
63 65
48 84
63 81
8 86
27 61
74 77
21 29
1 61
4 43
19 95
26 75
31 68
39 91
17 47
20 95
64 79
68 84
73 78
9 79
42 82
37 40
30 65
66 78
20 79
48 62
19 67
6 59
8 25
38 50
18 98
8 96
9 18
6 61
41 89
8 93
27 59
22 60
37 41
6 64
8 67
5 98
50 53
12 43
31 80
15 65
69 73
49 81
11 91
2 72
29 77
7 68
64 66
37 88
56 69
67 80
19 75
23 53
46 51
41 56
100 100
26 26
75 75
7 7
88 88
76 76
32 32
60 60
70 70
93 93
25 25
90 90
40 40
80 80
6 6
56 56
16 16
47 47
59 59
15 15
100 100
57 57
55 55
89 89
62 62
99 99
78 78
42 42
2 2
52 52
33 33
34 34
64 64
66 66
36 36
67 67
98 98
94 94
10 10
84 84
96 96
18 18
13 13
23 23
9 9
3 3
5 5
95 95
61 61
72 72
46 46
82 82
1 1
50 50
14 14
41 41
92 92
43 43
29 29
11 11
8 8
48 48
37 37
65 65
17 17
4 4
71 71
22 22
31 31
19 19
53 53
87 87
44 44
20 20
58 58
69 69
68 68
77 77
24 24
85 85
91 91
21 21
83 83
97 97
49 49
74 74
63 63
73 73
30 30
51 51
39 39
27 27
81 81
79 79
45 45
35 35
54 54
38 38
12 12
86 86
28 28
72 19
6 18
7 17
5 17
4 10
6 15
4 5
8 18
8 9
3 11
9 12
16 17
10 12
2 16
4 17
11 19
5 18
7 14
7 18
15 16
9 9
13 18
4 18
14 14
1 13
3 5
4 17
4 13
3 5
13 18
4 19
11 17
5 18
6 7
7 8
5 16
1 14
1 7
3 12
6 10
12 14
5 12
4 16
2 4
5 5
3 19
1 9
17 19
2 9
5 17
6 17
3 13
2 14
15 18
3 18
7 13
5 16
2 16
12 16
6 13
1 15
2 15
12 18
4 16
17 17
3 10
3 11
10 17
8 8
17 18
2 12
3 7
2 13
10 93
57 59
7 46
72 92
68 90
24 57
45 82
6 74
45 71
19 83
30 76
6 55
5 49
6 38
22 24
2 7
10 47
35 42
68 55
4 8
12 34
6 49
1 17
43 55
6 39
13 27
15 32
17 26
2 6
5 42
36 37
2 34
4 16
5 10
3 41
13 52
9 40
5 15
16 47
17 51
11 41
31 32
18 22
16 33
39 46
4 31
17 29
17 27
13 20
20 27
32 48
5 49
14 36
6 52
36 41
28 38
34 41
53 53
26 31
1 37
1 29
36 49
24 52
22 45
5 13
46 51
4 8
42 54
11 28
17 51
17 29
39 42
23 53
9 36
4 47
16 20
30 35
15 18
49 55
18 19
9 22
5 15
22 24
37 45
44 46
9 13
10 55
100 19
12 14
3 17
1 4
2 19
1 15
8 16
9 12
7 9
9 17
5 17
10 15
1 12
14 15
9 14
4 16
13 14
10 10
5 12
5 12
10 11
12 17
6 18
6 16
16 16
3 5
4 9
8 15
3 10
11 18
1 11
8 17
12 18
1 2
6 12
9 10
11 19
14 14
9 11
8 19
18 18
4 11
8 14
4 14
7 13
7 17
11 13
18 19
5 15
8 19
2 16
2 19
4 16
4 19
1 19
5 18
17 19
11 16
13 14
8 15
2 12
1 3
13 16
6 18
8 17
15 19
14 19
9 16
1 15
11 14
10 13
2 18
8 13
6 17
1 16
2 3
7 12
7 19
2 18
8 9
7 19
5 10
5 14
14 16
17 19
6 9
3 17
11 11
5 13
2 8
1 4
5 10
5 15
1 14
8 12
8 12
2 6
6 10
9 18
5 8
8 9
36 6
4 6
2 2
2 5
4 5
4 6
1 2
2 5
3 4
2 3
1 1
2 6
3 5
1 2
4 5
3 6
6 6
1 4
1 4
5 6
3 3
4 4
1 6
5 6
2 4
2 6
1 5
1 6
3 4
3 6
1 3
2 4
5 5
1 5
2 3
3 5
1 3
100 100
28 42
66 82
46 88
43 87
58 64
9 83
31 92
41 60
27 51
39 53
40 68
70 100
3 56
7 35
34 62
64 82
12 83
29 100
52 89
16 89
38 77
70 74
5 78
55 64
51 56
9 36
28 99
5 44
12 76
52 78
13 63
3 11
19 30
28 84
54 75
60 100
10 64
29 46
48 69
2 60
29 97
58 96
15 40
49 99
23 72
52 96
40 89
62 91
30 89
3 95
50 83
39 57
13 14
42 86
32 58
6 76
47 53
25 33
67 75
39 76
1 59
23 67
37 64
21 47
71 80
37 77
50 61
50 95
22 63
86 90
65 72
30 46
32 92
23 70
68 86
30 57
19 52
22 79
28 68
24 79
29 70
31 100
9 29
16 91
50 98
14 40
75 78
34 95
7 17
49 91
20 100
69 75
28 96
23 83
3 64
98 98
22 39
30 48
37 64
84 94
90 10
5 8
1 6
5 9
3 7
2 10
2 3
1 9
9 10
5 10
8 9
8 9
3 9
7 8
3 8
4 10
4 8
7 10
1 8
3 8
3 9
4 5
1 9
6 9
1 2
1 7
2 5
7 9
1 5
3 4
6 8
1 4
6 10
3 6
4 9
6 8
1 10
4 9
2 6
5 8
1 2
5 7
5 6
2 9
6 7
1 3
4 6
4 6
7 8
1 10
4 8
4 5
5 10
3 4
7 10
2 8
2 5
8 10
3 10
5 7
2 10
1 7
3 7
6 7
1 6
2 7
3 10
1 8
4 10
2 6
5 9
2 4
6 10
2 7
2 8
4 7
3 5
8 10
2 9
5 6
3 5
6 9
1 5
3 6
2 3
1 3
4 7
9 10
2 4
1 4
7 9
100 100
21 44
9 96
11 76
3 36
22 95
5 33
15 29
45 61
13 83
11 88
13 49
11 38
18 45
21 33
3 38
45 61
5 14
64 83
36 70
55 69
13 98
20 73
6 28
31 60
84 91
13 89
16 96
10 88
54 63
29 77
24 48
78 97
80 91
75 76
2 57
6 98
13 80
39 58
38 88
16 95
46 91
27 50
26 68
81 90
41 56
70 70
33 67
39 56
14 25
40 68
13 47
39 67
49 98
42 95
58 73
58 58
12 96
29 86
4 6
41 99
13 55
32 81
27 71
15 93
44 57
18 46
27 79
7 54
72 89
27 76
63 99
31 56
36 60
2 75
58 64
16 50
27 69
35 97
22 46
31 94
6 49
52 83
41 67
31 80
24 81
43 70
62 63
13 91
10 34
36 46
65 76
27 88
38 72
7 48
57 69
58 94
9 98
44 98
21 96
50 50
100 11
3 8
3 6
8 8
5 7
11 11
6 8
6 7
1 2
3 7
9 11
2 9
1 8
8 10
3 3
4 11
2 5
1 5
3 9
2 6
5 9
7 7
1 11
2 9
1 6
5 10
1 4
5 11
2 3
4 8
2 8
10 11
3 5
4 9
1 9
5 6
3 10
2 7
9 11
3 6
6 10
2 7
2 11
3 7
6 11
7 10
6 11
6 9
9 10
3 11
2 3
1 7
6 10
2 4
1 6
2 10
1 4
3 8
6 8
10 10
1 3
1 8
2 6
5 8
5 8
8 11
3 5
6 9
2 8
2 5
5 6
6 7
3 11
4 6
3 4
2 4
4 6
1 10
3 4
8 9
4 9
8 10
4 8
9 9
1 9
1 10
8 11
1 5
7 11
5 7
9 10
10 11
1 11
8 9
5 11
1 2
2 2
5 9
1 3
5 5
3 9
100 100
6 85
38 53
35 96
8 36
45 61
2 73
28 96
2 8
2 91
16 72
12 94
1 72
43 76
11 38
19 94
24 29
84 91
35 65
48 69
3 24
34 76
18 39
48 76
49 51
3 20
34 89
9 91
49 79
63 67
60 100
26 26
6 55
75 99
71 88
6 22
21 69
67 85
53 63
54 71
1 13
96 98
70 95
20 26
20 79
15 90
14 95
13 16
4 71
91 93
52 82
76 77
26 74
40 95
11 72
47 91
9 22
67 91
66 79
43 51
2 50
67 95
3 97
40 59
56 98
15 97
8 52
20 64
13 63
59 69
19 42
47 88
35 91
49 80
5 13
11 40
17 20
57 89
16 35
26 42
22 43
4 29
75 88
34 38
15 80
92 92
37 39
53 74
10 94
51 58
1 47
80 100
89 96
58 60
15 50
5 89
28 32
67 84
69 73
15 22
44 45
93 68
12 48
9 20
22 24
25 66
12 67
17 68
11 13
7 25
23 32
17 56
39 48
38 63
2 59
14 42
2 8
8 49
41 53
24 31
12 53
19 41
1 18
9 62
42 60
21 33
18 60
26 56
33 46
19 48
31 37
12 63
28 52
5 66
2 2
2 38
29 43
5 15
45 63
18 67
38 41
29 65
43 60
17 35
22 67
15 39
11 24
1 63
49 66
1 45
39 54
5 43
11 51
13 27
7 54
12 61
49 63
9 22
20 38
10 61
15 38
10 66
49 62
32 55
8 62
56 62
4 27
6 7
17 59
9 17
39 50
23 33
6 19
10 66
24 60
6 47
39 60
23 49
6 60
51 67
5 47
15 58
13 58
37 61
8 10
27 55
62 68
50 59
7 45
5 50
30 38
15 28
11 22
21 61
45 45
29 71
9 18
33 62
23 31
25 48
34 48
41 41
44 67
46 58
56 69
14 49
4 37
21 67
19 52
19 22
28 44
48 63
6 20
47 62
13 16
11 17
58 66
64 66
11 30
1 69
4 53
13 62
46 50
26 64
41 45
100 100
36 73
46 75
36 79
55 58
43 56
7 43
10 90
67 98
79 87
73 83
5 61
57 77
36 69
1 84
59 64
18 68
40 86
53 92
89 91
10 48
28 88
10 83
5 91
4 55
3 68
47 96
78 90
32 66
8 94
21 50
53 62
11 68
68 87
40 73
11 41
18 61
23 52
77 78
65 94
27 51
14 46
78 100
6 88
71 83
21 46
51 73
3 81
43 62
3 41
15 36
9 83
5 46
29 30
60 77
19 23
28 96
19 59
68 80
26 82
67 72
11 91
60 98
4 56
39 65
16 93
91 97
40 91
57 72
73 91
18 79
46 50
48 77
42 52
3 37
40 74
68 82
20 84
75 89
27 94
12 46
34 37
16 82
30 74
39 99
18 92
2 22
34 90
32 71
2 38
79 99
1 8
14 47
54 92
49 87
1 62
12 22
55 77
20 30
9 40
51 100
100 100
22 48
29 73
32 66
51 94
31 100
23 63
33 46
16 22
56 74
59 77
30 63
61 67
14 68
16 54
22 45
74 86
15 27
32 40
9 10
6 30
6 84
86 94
44 54
2 15
20 64
40 74
18 87
1 60
38 85
29 88
79 82
8 76
16 61
39 91
28 78
31 41
3 10
8 37
42 46
28 34
18 28
57 90
9 42
21 22
18 25
3 17
31 53
2 52
4 74
37 46
4 66
16 71
18 44
12 84
13 21
13 47
20 64
27 72
26 62
4 93
82 97
70 70
15 75
35 42
26 85
59 72
52 77
24 42
62 98
37 89
30 73
7 12
5 28
49 66
85 85
50 95
65 81
35 60
66 90
48 80
47 82
13 99
59 83
6 42
38 91
68 81
55 66
29 58
36 79
60 82
14 72
18 69
11 60
19 95
41 53
92 96
3 92
25 49
46 95
3 43
100 100
62 85
67 100
51 60
82 86
67 68
55 74
71 99
74 94
78 97
56 92
63 80
89 90
62 76
79 85
58 86
50 95
64 77
69 71
57 100
66 75
81 84
75 99
71 100
62 72
64 72
86 100
87 97
77 99
58 60
71 77
52 76
64 75
80 86
65 83
78 95
67 87
66 89
62 76
67 73
88 100
71 83
65 70
58 86
55 56
62 93
57 61
69 99
67 75
67 93
66 97
57 68
63 91
79 98
90 93
51 84
60 63
51 82
90 98
60 96
74 79
58 64
60 87
60 62
66 82
76 90
51 93
51 97
57 78
59 61
67 82
57 65
55 90
58 79
68 80
50 94
62 82
59 61
65 79
66 77
58 59
64 86
66 87
50 82
58 84
59 83
60 85
55 69
65 100
53 75
51 52
59 71
50 50
50 99
70 93
69 70
50 88
69 79
63 68
75 84
71 95
2 2
2 2
1 1
100 10
3 4
1 1
1 10
4 10
1 8
4 6
8 10
3 6
1 5
6 9
3 6
5 8
4 5
6 7
1 9
3 9
3 5
5 9
6 10
2 4
8 9
8 9
4 8
4 7
4 7
3 4
2 5
2 9
6 9
5 9
8 10
1 10
7 9
2 9
1 7
3 3
2 7
7 9
5 7
4 8
3 8
2 10
5 7
2 7
6 8
6 10
1 2
2 3
1 4
1 5
5 6
7 7
2 5
1 4
5 6
9 9
3 10
5 8
1 3
8 8
1 6
2 10
3 10
2 6
3 5
4 6
10 10
7 10
1 3
3 9
2 8
2 3
2 4
4 10
1 2
1 8
4 9
2 6
7 8
1 7
4 9
6 8
9 10
6 7
1 6
2 8
2 2
5 10
5 5
5 10
7 10
3 7
7 8
6 6
1 9
4 4
4 5
9 10
3 8
3 7
100 14
12 14
5 6
2 9
7 14
8 11
1 8
5 9
4 9
5 11
1 6
4 7
10 13
3 4
11 12
2 11
4 12
9 11
7 12
6 7
3 12
7 13
7 13
5 14
1 6
8 12
4 10
1 14
3 9
3 12
3 3
6 6
7 12
1 5
5 12
3 8
9 14
8 8
7 11
11 12
10 11
2 5
5 8
13 14
1 9
3 11
3 7
7 11
11 13
2 13
10 11
2 13
6 7
8 11
3 13
1 10
6 11
8 13
6 13
5 6
4 4
2 4
12 13
3 5
2 14
11 14
4 5
5 10
5 8
3 10
9 13
3 6
12 14
1 10
2 7
5 5
2 4
10 10
3 14
5 13
9 11
1 5
6 13
13 14
4 9
2 3
2 9
11 11
1 8
2 2
2 3
9 13
11 14
8 14
9 14
2 10
3 8
3 6
7 14
8 14
10 13
100 100
2 98
2 90
2 66
1 27
1 3
1 61
2 72
1 95
1 71
2 76
2 6
2 10
2 36
2 62
1 49
2 12
2 2
2 30
1 5
2 60
1 7
2 54
2 14
1 33
2 8
2 68
2 58
2 92
1 63
1 9
1 39
2 18
2 88
2 26
1 73
1 85
2 82
2 48
2 4
1 43
2 80
2 100
2 84
1 21
2 78
2 50
1 37
2 42
1 29
2 56
1 45
1 93
1 41
1 35
2 96
1 77
2 22
1 87
1 47
2 46
1 31
2 94
2 28
1 69
2 40
1 51
1 91
2 86
1 55
1 97
2 34
2 32
1 79
1 53
1 23
2 38
2 44
1 17
2 16
2 52
2 24
1 25
1 13
1 75
1 1
2 20
1 15
2 70
1 99
1 67
1 57
1 19
2 64
1 11
2 74
1 89
1 83
1 59
1 65
1 81
100 17
5 13
9 14
1 14
7 9
6 13
4 17
4 12
9 9
9 15
1 9
10 16
10 11
11 16
12 14
3 8
8 10
3 6
5 6
3 16
3 6
2 11
15 16
3 11
2 14
3 3
1 7
2 16
3 10
5 12
2 7
5 11
13 16
15 17
10 11
9 11
12 14
5 14
1 9
5 11
2 5
5 5
2 17
14 17
16 17
10 15
5 13
3 17
1 10
10 12
5 9
2 8
4 12
6 9
2 17
12 13
2 3
6 14
6 6
2 3
1 13
2 9
7 13
5 6
2 2
6 17
6 11
6 9
12 17
5 8
2 4
9 10
1 13
5 8
9 13
8 14
3 9
13 16
8 9
12 15
14 15
11 13
11 16
6 13
9 13
4 8
6 17
10 10
8 10
11 12
4 15
16 16
2 8
3 13
7 9
15 17
8 11
10 17
1 10
7 10
14 15
61 16
6 15
9 10
8 12
9 15
5 16
4 13
2 10
1 13
3 9
2 11
5 14
7 13
1 13
4 11
7 10
5 14
10 15
4 11
5 12
2 4
7 11
2 14
8 16
4 9
3 10
11 14
2 15
8 15
5 12
6 10
2 2
9 11
11 13
12 16
1 10
15 16
7 13
2 9
4 16
3 5
2 13
3 9
11 13
4 5
9 11
11 16
12 15
7 12
8 15
4 4
2 12
6 16
7 10
2 12
2 11
9 16
10 14
2 9
10 12
9 12
1 11
100 100
18 67
45 72
5 61
15 84
64 100
49 53
50 57
14 41
54 89
25 94
12 33
15 22
45 57
2 26
20 95
17 29
7 68
57 77
7 53
17 67
8 30
26 60
62 84
48 85
60 83
1 71
20 40
31 94
7 78
2 76
39 78
11 68
15 91
8 70
33 51
1 29
9 94
17 62
6 96
15 51
23 88
7 92
64 81
31 62
11 52
8 46
50 72
67 78
15 43
44 86
38 49
8 70
27 45
86 97
43 44
28 61
10 45
81 86
17 33
58 81
26 68
16 39
37 56
12 74
69 78
29 43
29 44
51 90
55 92
55 69
32 39
41 93
8 33
42 81
45 75
36 46
20 30
3 62
40 82
22 45
9 83
10 46
20 32
3 69
42 52
13 89
45 46
26 46
1 65
47 69
20 20
16 77
4 59
61 95
7 61
30 62
6 12
28 83
13 95
38 79
75 30
10 19
2 5
18 19
17 24
6 20
2 14
13 17
20 30
4 17
6 6
19 21
7 8
4 11
16 28
5 23
17 18
3 21
14 22
10 20
18 23
2 21
10 25
26 29
5 14
3 5
8 17
16 28
12 24
16 24
12 25
10 11
15 18
12 19
20 21
1 2
27 28
12 28
3 8
28 29
28 28
9 24
1 7
2 10
11 17
12 18
1 2
14 24
23 25
22 26
5 18
2 22
17 19
17 24
13 15
10 17
3 12
6 13
2 19
11 27
25 28
2 17
4 18
2 17
18 26
18 20
6 23
11 13
15 17
7 9
12 26
6 7
24 26
1 7
7 26
11 21
100 100
81 82
52 53
47 48
4 5
30 31
73 74
13 14
6 7
68 69
8 9
24 25
97 98
78 79
1 2
46 47
53 54
26 27
11 12
9 10
48 49
20 21
58 59
29 30
56 57
7 8
74 75
12 13
10 11
28 29
76 77
55 56
5 6
39 40
84 85
65 66
98 99
45 46
86 87
25 26
82 83
85 86
99 100
14 15
96 97
51 52
50 51
72 73
77 78
18 19
19 20
62 63
16 17
43 44
2 3
90 91
44 45
35 36
15 16
59 60
49 50
42 43
3 4
34 35
94 95
54 55
41 42
69 70
60 61
64 65
95 96
92 93
27 28
33 34
57 58
21 22
83 84
61 62
38 39
63 64
93 94
1 100
88 89
66 67
79 80
36 37
75 76
70 71
67 68
89 90
80 81
31 32
87 88
23 24
22 23
71 72
17 18
37 38
32 33
91 92
40 41
64 8
6 7
3 5
7 7
2 7
6 6
1 5
1 8
7 8
6 8
3 7
2 6
1 6
1 3
7 8
4 6
1 2
1 8
2 5
2 3
2 4
4 8
4 7
3 4
5 8
2 7
2 4
5 7
6 7
3 6
1 7
3 8
5 7
3 7
4 7
4 4
1 7
1 1
2 6
5 8
2 5
4 5
3 5
3 3
5 6
4 5
1 2
1 3
1 4
5 6
3 4
1 6
2 2
2 8
1 5
8 8
4 8
2 3
3 6
1 4
2 8
3 8
4 6
6 8
5 5
100 100
8 93
12 89
34 67
33 68
17 84
18 83
47 54
38 63
36 65
9 92
11 90
26 75
5 96
2 99
1 100
14 87
32 69
33 68
39 62
43 58
50 51
6 95
40 61
40 61
44 57
5 96
24 77
15 86
15 86
27 74
28 73
35 66
26 75
11 90
18 83
20 81
42 59
9 92
25 76
37 64
29 72
3 98
10 91
36 65
41 60
12 89
46 55
23 78
39 62
31 70
4 97
4 97
30 71
43 58
25 76
23 78
3 98
14 87
45 56
49 52
20 81
48 53
6 95
7 94
29 72
21 80
16 85
19 82
8 93
10 91
46 55
2 99
41 60
47 54
13 88
17 84
21 80
22 79
28 73
16 85
48 53
22 79
42 59
24 77
7 94
32 69
30 71
38 63
50 51
27 74
44 57
35 66
31 70
49 52
34 67
1 100
19 82
13 88
37 64
45 56
100 15
10 12
4 5
6 12
2 8
1 4
3 10
6 7
3 8
10 10
5 6
2 2
9 15
4 13
7 9
14 14
14 15
9 14
2 5
2 11
10 13
8 12
4 8
2 3
5 6
11 15
5 15
2 14
10 14
1 5
3 6
6 9
10 15
9 13
12 14
1 7
10 14
11 12
3 14
9 15
2 15
3 13
4 11
8 12
9 11
3 7
8 15
4 13
1 13
3 11
1 6
7 15
4 8
2 5
9 12
3 13
5 10
4 11
12 15
9 14
15 15
3 14
6 14
8 11
3 10
4 9
13 14
4 14
12 12
4 9
9 12
1 7
3 6
6 14
10 13
7 12
6 10
5 15
6 12
8 11
2 15
10 11
3 3
11 12
2 13
6 7
1 2
5 12
5 12
3 12
1 13
1 3
6 11
4 14
9 10
9 13
2 6
4 4
3 8
11 13
8 14
16 100
36 85
38 88
36 88
39 88
36 87
37 86
39 86
36 86
38 85
39 85
37 85
37 88
37 87
38 86
39 87
38 87
100 100
60 77
17 29
40 47
44 91
3 22
5 71
64 100
17 29
15 67
48 68
53 60
72 99
43 53
55 67
43 53
7 39
33 59
33 59
12 80
38 92
76 86
50 68
40 71
9 97
9 35
9 47
21 97
2 51
76 86
34 63
21 86
73 84
60 77
3 22
15 67
75 88
9 47
28 95
82 86
40 47
46 63
72 99
64 100
22 24
12 80
37 44
53 60
32 52
15 68
7 39
5 15
9 35
44 91
2 51
18 20
21 86
55 67
34 63
82 86
69 92
53 62
15 68
26 90
37 44
53 62
26 90
5 15
5 71
75 88
13 91
22 24
18 20
25 87
97 99
13 91
73 84
97 99
44 48
17 93
9 97
32 52
28 95
40 71
17 93
46 63
38 92
21 97
19 87
25 87
19 87
49 51
38 96
49 51
38 96
10 57
69 92
44 48
50 68
10 57
48 68
100 100
14 15
5 86
35 99
36 64
88 92
30 74
22 68
34 43
37 71
72 74
35 92
15 36
31 89
6 41
37 54
2 38
21 37
54 58
54 68
2 77
32 60
56 92
16 89
25 40
61 78
22 98
3 30
82 96
8 36
65 73
23 88
70 98
21 29
9 13
47 97
50 64
33 95
71 97
20 35
17 36
11 76
67 68
16 89
26 35
53 70
10 58
6 86
1 73
47 69
7 81
32 99
54 100
29 38
45 87
7 82
72 76
8 33
20 65
57 76
1 64
5 62
36 54
25 75
11 49
24 34
50 93
17 74
42 59
45 91
86 96
71 73
30 35
37 73
5 98
1 100
36 94
23 91
17 91
7 99
47 100
56 62
8 97
15 94
21 75
52 95
17 24
8 23
42 90
77 80
28 85
79 87
59 81
15 67
20 57
9 63
14 43
42 61
62 100
56 63
34 40
16 4
1 4
3 3
1 2
1 1
1 3
3 4
2 3
2 3
3 4
2 2
1 3
2 4
4 4
1 4
2 4
1 2
100 50
40 42
20 39
18 47
29 44
6 18
26 37
40 49
27 39
15 22
24 49
23 37
10 30
17 27
10 21
14 39
26 38
28 32
12 13
14 20
22 23
7 39
2 47
33 49
14 46
20 37
48 50
24 47
10 45
2 49
41 48
6 7
30 31
5 20
11 21
1 33
3 4
1 14
28 44
31 49
26 28
19 29
34 41
1 16
23 31
33 37
30 42
13 36
16 29
23 25
2 19
19 41
10 22
3 23
6 17
8 19
12 43
2 30
11 32
6 8
4 47
9 31
27 29
20 46
19 31
13 30
22 46
17 33
3 9
5 50
7 24
24 36
1 41
13 35
3 8
4 18
36 44
14 34
13 37
47 48
1 30
5 13
8 12
12 39
2 4
11 30
30 37
6 37
11 25
14 41
30 36
30 49
3 36
13 40
26 40
13 45
26 47
26 36
2 6
12 36
16 21
4 2
2 2
1 2
1 1
1 2
56 19
1 18
6 14
12 13
9 19
7 14
1 19
12 12
2 7
7 15
10 11
6 15
2 8
1 9
6 7
8 10
8 11
7 13
8 19
13 17
5 8
10 13
12 18
5 8
4 18
1 10
12 15
4 19
9 13
6 19
10 17
2 8
14 18
14 19
1 17
13 18
10 18
13 19
7 13
3 19
13 19
12 15
1 5
10 10
5 9
9 13
6 15
6 9
3 4
9 10
10 15
8 8
4 5
15 18
12 16
12 16
3 8
28 27
1 26
20 24
5 15
10 17
8 26
4 12
7 11
2 4
14 19
18 19
1 9
8 26
13 16
15 16
9 20
4 21
5 26
3 11
2 17
15 27
2 20
3 21
8 14
2 19
9 13
10 16
2 27
2 22
100 100
5 47
69 94
31 37
79 82
2 54
35 76
31 85
63 83
1 31
14 52
76 78
11 55
59 78
47 61
12 72
11 75
17 32
18 38
79 84
78 81
17 79
46 54
15 76
91 94
30 36
84 97
43 78
49 50
40 63
19 30
52 92
69 100
1 79
18 86
46 69
1 37
9 56
35 99
60 61
37 68
34 83
6 71
52 81
19 24
31 86
37 58
60 84
73 77
66 96
20 86
41 48
8 12
73 74
29 89
6 29
33 66
19 42
84 87
3 22
38 69
2 54
22 85
86 96
9 100
13 86
52 99
17 82
63 73
43 76
9 12
9 17
3 64
93 95
51 74
17 35
15 29
42 60
83 84
15 26
42 97
16 64
8 50
75 87
1 4
5 88
87 96
21 65
67 76
84 87
57 80
78 91
69 70
81 99
9 63
74 85
60 73
1 69
19 61
31 88
74 84
2 2
1 2
1 2
100 100
4 48
40 89
27 43
93 96
50 83
49 99
47 93
80 97
30 62
85 97
28 98
64 97
47 93
3 5
23 40
60 65
39 89
30 43
34 92
80 97
85 97
17 88
18 30
65 80
30 62
7 48
51 79
64 97
50 83
51 79
93 96
43 79
35 47
57 60
47 99
30 66
28 98
29 53
19 27
3 5
33 35
39 89
30 66
66 74
24 65
35 88
4 48
35 47
35 88
24 65
4 37
35 86
10 27
60 65
45 84
9 76
23 40
7 48
35 86
45 84
42 47
27 43
80 84
57 60
50 65
1 15
29 53
4 37
80 84
10 27
13 80
1 15
43 79
17 88
47 99
48 81
65 80
40 89
48 81
33 35
66 74
50 65
10 68
7 76
6 83
13 80
43 96
6 83
42 47
30 43
43 96
34 92
66 76
9 76
18 30
66 76
10 68
49 99
7 76
19 27
3 3
2 3
3 3
2 2
100 13
1 11
11 11
3 6
7 13
4 12
1 5
5 13
1 5
1 12
11 13
4 4
4 9
3 9
6 8
2 8
3 5
4 8
2 11
4 7
5 9
2 12
2 13
3 12
4 13
10 12
5 11
3 9
2 6
8 11
4 10
2 6
6 13
3 7
10 10
6 7
1 8
3 7
11 12
5 11
2 8
6 9
1 3
6 11
1 7
2 11
2 7
1 2
5 9
6 7
4 6
4 11
6 8
6 11
7 13
7 8
6 10
8 9
2 13
10 11
2 5
5 12
3 5
1 6
5 7
1 1
6 10
2 3
12 13
9 12
2 7
5 13
3 13
12 13
8 10
1 3
10 11
13 13
11 12
1 12
4 7
5 7
1 9
1 11
8 10
8 9
4 11
4 9
1 4
9 10
1 13
4 6
1 8
8 11
8 8
7 9
8 13
8 13
6 12
2 3
3 8
67 72
42 57
9 61
35 56
10 32
18 52
20 44
29 33
47 52
4 36
45 48
38 61
37 57
15 32
44 58
31 33
61 62
1 11
23 70
22 45
23 67
43 64
28 65
2 15
6 33
36 60
3 18
67 69
3 22
69 70
1 72
38 71
27 46
48 69
37 57
28 42
6 55
34 66
33 54
35 42
62 71
19 61
8 20
5 24
31 56
30 55
45 68
20 33
7 39
36 50
17 31
7 46
30 57
9 68
27 53
3 62
41 42
14 15
27 35
31 52
26 39
66 69
13 62
5 61
14 42
21 25
8 19
18 54
100 100
27 37
21 37
24 35
28 36
30 33
21 39
28 32
27 39
27 33
23 39
30 30
29 31
24 34
30 37
23 32
27 34
21 36
27 35
21 34
30 32
29 34
24 33
28 31
26 31
23 34
25 36
27 38
23 31
23 37
28 30
26 35
27 32
21 32
22 30
22 37
22 34
29 30
24 37
25 33
29 35
22 35
26 34
26 36
28 33
29 33
21 38
24 38
25 31
25 38
22 31
30 36
21 30
27 36
24 36
29 37
23 38
26 30
30 38
26 33
21 33
25 37
28 34
28 35
24 39
25 39
22 38
22 39
25 30
27 31
22 33
26 37
30 35
24 31
29 36
29 39
25 32
22 36
24 30
23 36
24 32
22 32
30 39
25 34
26 39
21 31
30 34
29 32
28 38
26 32
27 30
23 30
29 38
23 33
26 38
28 37
28 39
25 35
30 31
23 35
21 35
100 100
95 99
11 90
35 51
30 78
48 50
1 8
50 83
2 22
16 39
78 86
27 95
34 97
83 100
18 67
2 46
66 69
53 67
19 44
37 94
40 64
52 69
51 88
6 61
70 96
11 82
76 94
24 69
19 46
19 61
74 74
57 58
4 11
2 48
28 46
16 85
77 88
69 96
77 86
16 63
26 35
70 73
1 86
58 64
35 74
1 57
44 78
8 67
5 90
9 45
61 93
15 82
12 57
56 84
63 74
77 98
77 92
39 66
84 94
5 94
39 68
45 69
14 76
20 33
10 41
18 79
52 89
79 82
4 91
6 14
42 61
60 99
19 63
4 97
36 38
33 47
55 87
2 73
47 47
6 39
28 86
56 77
60 71
29 32
44 61
10 73
41 67
44 47
17 92
8 95
26 47
24 64
21 49
2 5
58 61
28 65
11 57
16 99
47 71
24 45
87 99
13 37
7 14
5 25
17 36
22 23
7 32
3 29
12 36
18 20
12 33
5 29
6 18
12 32
14 31
100 100
34 46
72 83
11 98
43 63
52 78
52 95
43 48
53 88
50 87
58 78
34 50
60 86
1 63
10 82
86 94
2 21
19 73
40 61
13 51
8 85
28 42
14 62
59 93
28 94
37 82
52 91
25 36
13 70
7 30
64 74
68 80
75 93
22 95
51 83
32 55
7 24
50 64
58 93
59 99
19 98
48 90
39 50
8 90
52 82
29 64
46 86
76 79
65 97
39 86
54 61
41 88
43 50
62 68
38 96
27 61
44 69
19 29
34 82
4 70
25 98
49 97
35 57
43 88
55 83
49 53
68 68
88 90
13 45
6 50
50 54
69 96
60 82
79 89
7 85
45 83
14 50
16 41
21 91
16 63
13 91
1 30
30 87
60 99
42 55
1 32
82 86
1 89
31 63
5 58
43 74
29 62
31 56
5 91
60 69
38 73
19 54
15 75
16 21
13 54
8 33
100 100
31 43
45 75
46 48
30 81
1 64
52 66
69 78
43 95
85 93
61 69
77 92
54 91
67 75
40 82
43 63
22 95
56 59
30 72
75 83
23 63
2 95
34 93
24 81
9 41
61 86
37 91
17 60
26 72
50 59
25 63
6 89
5 77
1 24
20 86
40 49
15 45
54 69
30 41
36 89
35 92
56 57
22 76
47 99
9 97
29 49
54 87
51 59
3 71
31 90
81 87
10 48
18 59
39 50
36 99
59 84
73 76
43 51
38 90
23 45
13 90
6 21
84 100
15 96
54 99
33 35
49 96
15 15
42 94
39 84
26 58
18 98
27 43
52 64
66 100
32 52
4 59
15 30
26 84
35 42
15 67
31 94
14 80
14 18
16 71
17 41
30 68
23 91
17 92
27 97
9 19
34 71
32 50
9 22
4 79
64 84
12 49
26 46
59 76
4 21
8 42
64 100
58 91
56 92
61 88
55 95
54 94
59 93
57 88
57 93
58 90
56 88
59 95
54 95
58 94
61 94
58 92
59 94
54 93
54 92
55 90
57 92
55 92
57 94
61 92
58 93
61 91
60 91
54 89
59 92
57 95
57 90
56 94
57 91
54 91
58 88
54 90
56 89
55 89
60 95
56 90
61 93
61 95
55 88
56 95
55 91
59 91
55 94
60 92
55 93
60 93
58 95
57 89
60 88
60 89
54 88
56 93
60 90
58 89
61 89
60 94
59 89
61 90
56 91
59 90
59 88
56 8
2 8
4 5
2 3
1 6
2 5
1 8
1 5
2 6
1 3
1 5
3 6
3 5
2 4
2 6
1 6
4 8
3 5
1 2
1 2
1 7
3 4
5 6
2 4
4 7
4 7
3 8
4 8
5 7
5 8
5 7
7 8
7 8
6 7
6 8
3 7
6 8
1 8
2 3
1 4
3 8
1 3
4 6
6 7
3 7
5 8
1 7
4 6
2 7
3 6
2 5
2 7
4 5
2 8
3 4
1 4
5 6
100 18
4 14
15 17
1 15
6 8
3 11
2 17
5 16
4 6
2 16
1 12
5 9
4 12
4 15
2 18
6 17
4 5
4 12
12 16
9 12
9 17
1 2
5 6
14 17
1 5
2 11
16 17
8 13
10 12
1 14
12 17
13 14
8 9
5 11
8 18
3 4
2 17
4 18
2 7
2 4
1 2
6 8
2 14
7 13
3 5
3 16
6 9
10 15
13 17
2 10
2 3
5 10
16 17
2 9
1 5
10 14
4 18
7 14
2 9
13 16
8 18
3 13
7 9
12 18
3 6
16 18
10 13
7 18
2 6
7 16
6 14
1 16
5 6
12 18
1 4
14 18
13 15
15 15
12 15
9 15
8 14
15 18
11 13
4 14
6 7
1 14
3 17
4 16
7 11
14 17
13 15
3 5
7 9
11 15
10 13
12 16
14 18
7 15
11 15
5 11
8 17
61 59
13 47
18 55
4 16
6 12
20 34
18 28
34 39
17 52
32 39
5 25
52 55
12 54
30 58
20 49
15 18
48 55
9 22
40 54
19 34
26 54
12 53
12 42
31 44
35 45
23 52
41 42
28 42
2 33
3 31
33 53
27 51
40 58
29 52
37 55
24 29
10 33
14 36
4 24
15 38
8 54
23 43
15 41
20 47
37 51
10 42
42 42
32 42
28 58
5 58
18 38
3 45
27 52
21 46
8 34
6 53
1 6
19 41
43 45
38 44
30 55
11 23
100 100
45 84
60 94
27 39
36 76
5 73
80 82
42 96
21 48
22 50
3 91
77 93
10 37
27 89
20 52
27 89
13 26
3 32
4 42
18 76
5 82
27 39
13 26
4 46
21 46
1 3
40 88
8 74
16 20
65 72
18 76
23 42
80 93
5 82
4 42
14 24
39 52
22 50
20 52
9 68
73 78
25 75
8 40
8 82
53 76
36 76
48 78
21 46
14 46
55 96
8 40
10 37
24 92
16 20
21 48
14 24
80 93
38 67
40 88
64 75
48 78
61 65
65 72
73 78
25 75
80 82
8 82
24 92
1 65
14 46
24 36
61 71
9 34
55 96
61 65
39 52
53 76
4 46
9 34
3 32
1 65
42 96
11 19
60 94
23 42
38 67
11 19
24 36
77 93
61 71
22 35
64 75
22 35
3 91
73 92
73 92
1 3
8 74
45 84
9 68
5 73
100 100
31 52
1 9
52 92
63 75
24 97
75 79
56 74
8 9
47 82
11 76
73 95
6 57
54 84
37 39
8 16
20 61
56 72
11 27
47 60
13 60
4 80
27 93
4 9
14 66
6 31
39 51
6 44
25 28
66 91
25 83
3 4
25 31
11 86
75 89
27 95
81 85
49 87
11 52
3 18
77 100
17 69
53 86
41 99
3 93
6 57
31 40
19 43
6 100
72 76
79 79
13 81
1 52
86 90
18 99
79 82
12 37
20 76
82 99
39 99
49 60
53 84
77 92
42 97
3 47
72 72
77 92
8 39
6 16
15 85
23 53
49 59
46 90
27 81
59 70
7 86
40 49
30 47
4 53
33 76
37 90
42 89
38 71
2 46
46 87
19 59
17 24
67 97
22 48
80 100
8 79
13 20
42 51
24 57
18 27
45 63
29 84
23 43
15 36
27 59
72 83
4 100
18 51
17 51
17 50
18 50
100 100
3 35
14 22
49 58
27 29
88 92
52 80
48 85
80 89
22 45
10 35
17 83
7 26
22 93
35 44
62 68
25 81
31 33
57 100
24 36
66 100
31 85
4 61
4 22
91 92
16 54
10 12
53 60
6 49
6 97
55 81
82 86
29 84
60 81
47 94
4 87
13 88
29 44
44 54
47 84
37 66
32 90
14 26
22 76
8 51
21 42
64 65
50 62
8 50
7 81
63 66
3 54
35 87
1 10
69 94
23 71
98 99
38 83
16 20
20 86
53 72
58 96
19 64
14 88
42 50
66 97
5 90
52 62
2 40
33 50
32 36
38 71
8 80
23 66
14 50
25 89
43 94
63 84
62 80
28 92
37 96
18 44
39 95
44 95
45 94
23 43
4 20
1 38
22 71
25 82
44 76
55 61
35 50
13 24
3 59
14 81
32 65
68 77
13 65
32 62
60 70
100 100
35 83
18 46
18 38
20 82
26 39
11 74
9 28
3 42
53 83
40 83
90 96
87 95
53 83
15 40
19 54
17 61
54 59
18 38
13 25
26 42
35 83
50 67
73 88
20 82
33 77
40 83
90 96
54 59
52 66
18 74
3 42
73 88
22 94
24 79
3 15
18 74
62 80
21 70
30 58
11 74
50 67
9 84
40 85
22 27
26 43
20 46
20 46
40 75
56 99
35 70
78 91
87 95
78 94
33 53
17 61
5 76
5 76
89 90
40 85
32 45
19 54
22 44
32 45
20 51
33 53
26 39
9 84
9 28
7 50
26 42
24 79
72 81
18 46
15 40
89 90
21 70
22 44
30 58
67 100
7 84
33 77
78 94
48 52
20 51
62 80
35 70
22 27
22 94
13 25
48 52
7 84
26 43
56 99
78 91
72 81
3 15
40 75
7 50
67 100
52 66
100 100
77 99
66 76
1 10
2 54
1 84
77 99
43 83
5 27
82 92
50 75
35 61
53 80
55 97
50 75
6 15
48 74
6 85
62 69
5 100
29 100
21 70
58 74
66 87
19 97
49 56
6 87
47 95
47 95
38 75
38 75
48 74
30 34
14 77
6 87
61 66
76 92
43 97
49 56
66 87
21 70
6 85
83 96
5 100
12 62
82 92
30 34
58 74
17 85
17 19
17 85
72 94
6 15
19 55
17 19
83 96
34 58
1 10
2 54
29 65
62 69
38 54
5 27
14 45
29 65
18 45
29 100
53 80
55 97
6 14
12 62
53 57
33 75
43 83
72 94
61 66
31 58
76 92
1 84
14 45
13 19
43 97
10 11
19 55
14 77
66 76
18 45
31 58
33 75
13 29
10 11
53 57
38 54
9 86
9 86
13 29
13 19
19 97
35 61
6 14
34 58
100 100
55 61
86 97
91 92
71 95
71 98
63 82
75 85
60 97
57 93
50 53
54 65
62 77
68 84
57 72
58 91
56 64
76 100
96 99
75 79
71 100
86 100
52 77
59 99
68 95
82 97
66 89
93 95
67 69
80 81
63 87
70 79
70 88
67 93
63 95
64 86
55 63
81 84
64 97
60 70
78 89
62 98
82 90
71 80
74 85
53 80
50 67
59 82
95 99
56 67
83 91
55 87
83 98
71 99
80 86
94 97
58 63
58 95
85 98
67 94
67 71
62 69
74 83
51 76
57 81
80 99
50 63
94 99
55 95
80 81
86 94
84 98
57 67
87 88
56 81
57 94
60 79
55 81
63 85
51 96
63 91
60 91
51 53
59 80
56 77
84 100
65 88
68 99
65 68
59 99
55 94
58 94
50 95
55 69
58 67
74 77
88 90
56 84
76 93
69 79
53 66
96 97
4 17
21 39
19 19
12 55
33 46
43 93
11 88
39 40
56 90
33 95
46 59
31 34
70 78
36 82
35 68
60 84
38 82
15 30
16 24
26 61
9 9
1 95
16 77
82 84
14 96
72 77
34 40
65 74
61 95
23 65
34 68
19 86
15 53
54 71
61 95
74 95
6 97
19 93
30 48
1 12
24 48
6 18
55 96
51 94
45 46
67 71
91 93
57 64
81 86
48 94
9 75
17 50
10 58
5 61
33 50
23 91
28 90
30 53
48 84
19 26
59 61
33 90
31 34
44 82
6 54
67 78
21 90
59 62
50 87
16 90
27 34
14 50
52 52
7 74
8 62
57 80
33 69
22 37
37 70
33 92
34 89
34 58
6 83
25 43
55 89
79 88
71 82
43 82
13 73
27 85
22 85
31 49
71 88
13 69
50 78
6 84
100 100
31 64
15 90
15 86
35 91
1 35
6 98
15 81
15 15
1 58
90 92
19 38
36 40
5 31
13 16
16 32
37 48
46 65
12 74
72 97
18 70
11 43
47 77
72 75
29 48
11 86
32 70
40 52
8 43
8 29
15 30
53 87
37 83
14 17
36 40
44 64
21 49
30 54
66 89
1 93
61 91
35 77
58 83
15 39
9 64
16 90
16 42
35 73
40 62
37 53
50 68
55 59
44 62
68 98
37 74
48 94
22 98
9 21
13 70
4 6
51 89
52 98
19 28
35 73
16 22
11 77
42 98
42 79
35 62
6 62
45 89
56 60
92 98
51 66
12 47
51 66
23 44
59 95
54 77
58 60
15 56
68 71
19 46
56 81
50 78
79 83
24 26
50 60
74 84
20 59
14 27
23 37
68 75
13 60
65 83
15 50
19 40
30 47
14 21
78 89
6 69
100 100
1 42
1 33
1 71
1 9
1 66
1 81
1 41
1 28
1 6
1 32
1 4
1 77
1 100
1 57
1 91
1 18
1 16
1 99
1 63
1 62
1 59
1 96
1 65
1 78
1 84
1 45
1 76
1 40
1 37
1 47
1 49
1 12
1 2
1 23
1 70
1 13
1 51
1 58
1 48
1 53
1 64
1 15
1 46
1 17
1 34
1 74
1 87
1 82
1 85
1 60
1 25
1 75
1 69
1 61
1 54
1 55
1 14
1 86
1 39
1 26
1 56
1 38
1 73
1 90
1 3
1 80
1 79
1 97
1 29
1 7
1 10
1 52
1 22
1 43
1 72
1 89
1 92
1 30
1 98
1 50
1 83
1 19
1 93
1 67
1 95
1 35
1 94
1 1
1 88
1 11
1 31
1 44
1 8
1 27
1 24
1 20
1 21
1 5
1 68
1 36
100 16
15 16
14 14
4 12
12 16
3 5
13 15
1 1
2 9
11 11
1 12
5 6
8 11
1 7
12 14
2 5
11 13
6 10
7 10
3 7
3 13
5 11
4 15
3 6
8 15
8 12
8 11
1 14
5 5
3 11
8 10
1 6
4 8
13 15
9 13
7 9
6 16
1 13
7 7
13 14
2 6
2 10
12 15
8 14
9 15
12 15
4 13
1 16
1 12
2 13
12 13
1 4
3 13
3 7
1 5
1 2
13 14
7 11
4 14
6 8
7 10
5 13
4 16
4 15
3 9
5 12
10 13
1 4
5 12
8 15
9 10
3 6
1 7
6 7
2 2
7 9
2 12
2 12
9 10
4 4
2 9
3 8
3 15
2 15
10 11
8 10
3 3
7 8
3 12
13 16
8 14
1 14
10 13
5 13
1 15
6 15
4 5
10 14
5 6
6 9
2 7
100 100
42 95
24 42
34 70
23 71
35 44
33 83
3 65
14 17
12 21
76 80
65 70
27 78
68 84
16 67
52 64
29 42
53 84
53 84
33 83
12 26
6 29
19 22
34 70
77 95
3 82
32 35
68 82
1 8
71 84
38 44
65 70
10 81
42 95
12 44
65 72
16 67
35 64
14 17
1 99
18 21
44 46
3 82
35 64
50 98
77 95
1 28
10 81
6 16
9 38
39 55
19 22
12 26
6 29
24 42
17 83
49 67
6 16
23 80
3 65
18 36
29 42
46 76
27 78
68 84
12 44
38 44
1 8
9 43
71 84
68 82
76 80
52 64
37 86
37 86
1 28
66 69
65 72
18 85
35 44
23 71
47 49
9 43
1 99
23 80
49 67
39 55
17 83
46 76
26 61
50 98
47 49
18 85
18 21
32 35
66 69
12 21
44 46
9 38
18 36
26 61
54 56
22 49
14 54
24 35
27 30
12 15
1 37
16 18
43 45
26 30
1 48
20 26
32 43
47 50
22 28
9 51
39 41
1 34
26 28
39 42
17 35
2 17
21 46
43 46
22 38
35 39
44 47
43 50
10 50
28 52
15 19
5 20
41 55
12 45
29 39
17 47
11 22
19 34
41 53
8 33
25 46
6 45
38 41
1 33
2 45
5 18
25 44
18 44
11 37
36 49
6 51
7 11
41 55
4 32
44 44
85 56
47 51
3 32
38 51
1 16
3 23
30 46
20 48
13 29
41 50
6 37
6 35
42 54
7 8
5 22
4 11
46 54
17 49
13 19
23 54
10 30
38 50
33 37
27 52
7 40
6 48
21 28
14 41
20 44
21 28
38 50
25 30
45 46
48 50
1 22
8 33
7 18
24 55
21 56
34 44
14 47
13 29
6 46
17 23
9 53
25 33
39 44
10 14
6 40
21 37
1 7
16 42
21 54
3 16
31 48
43 55
11 13
21 42
2 12
24 41
41 53
24 52
30 35
29 45
4 23
18 43
28 46
14 23
23 47
27 54
48 56
4 24
32 48
24 31
5 46
1 55
12 28
19 20
32 55
14 38
15 19
31 51
6 49
47 49
25 34
11 41
3 49
6 33
33 45
2 37
6 7
7 7
3 4
6 7
1 4
6 6
1 5
100 100
17 57
73 77
31 95
73 90
39 70
12 62
96 97
76 98
12 62
51 70
41 97
20 54
46 57
17 57
59 85
31 90
42 90
74 88
51 96
74 88
34 67
33 35
34 67
70 79
63 96
10 44
50 77
50 77
70 79
13 48
15 91
73 90
34 44
3 52
14 33
33 35
42 44
3 60
54 61
12 33
14 46
9 99
51 70
42 44
14 85
12 41
12 72
76 98
41 97
13 48
14 46
59 85
37 65
54 61
5 45
89 96
9 74
3 60
15 91
32 85
10 44
51 96
42 90
8 50
63 96
73 77
88 93
3 52
43 82
8 50
36 56
9 74
96 97
34 44
56 73
37 65
31 95
10 31
88 93
12 41
20 54
12 33
89 96
31 90
46 57
56 73
39 70
1 15
36 56
78 92
43 82
10 31
78 92
32 85
14 33
12 72
14 85
1 15
9 99
5 45
100 100
48 71
18 44
15 19
21 76
40 66
1 78
32 80
15 69
76 86
16 89
16 89
55 56
49 93
1 78
32 95
48 70
7 66
20 50
19 80
15 80
67 100
13 67
12 45
15 80
14 24
12 45
38 72
93 97
13 67
38 72
5 19
36 75
22 31
76 86
45 91
1 94
95 99
49 93
37 80
43 87
35 75
25 27
32 95
18 44
20 50
4 58
26 27
48 71
19 80
10 39
67 100
1 94
32 80
20 48
55 56
19 65
20 88
11 23
93 97
19 65
48 77
29 63
45 91
36 75
5 19
8 21
1 97
41 67
8 21
4 58
6 32
57 83
6 32
15 19
10 24
95 99
7 66
40 66
26 27
21 76
69 77
11 23
15 69
48 70
48 77
20 88
43 87
10 39
25 27
69 77
29 63
14 24
1 97
41 67
22 31
35 75
37 80
10 24
57 83
20 48
91 25
3 11
17 19
14 24
1 8
16 25
11 20
6 16
2 21
20 21
3 6
15 16
9 16
20 21
8 24
1 10
8 11
1 9
8 24
19 19
6 20
14 20
5 22
4 24
5 21
4 14
7 10
7 13
1 19
5 15
15 16
3 21
1 25
9 15
11 21
1 5
9 20
1 23
3 15
18 25
1 19
5 23
10 16
10 20
7 13
16 22
5 11
12 23
2 14
12 20
13 15
18 22
2 17
1 14
3 18
5 7
9 17
12 23
24 24
25 25
3 11
7 17
4 24
4 16
16 25
9 15
21 25
5 17
2 14
2 11
12 15
8 23
8 15
9 13
1 12
13 21
4 18
12 22
11 22
2 9
1 5
1 8
17 22
21 22
11 12
18 18
14 24
2 11
18 23
7 12
8 11
15 25
38 8
7 7
3 5
2 7
1 8
1 5
8 8
1 3
4 7
3 4
4 5
3 8
5 7
3 4
3 6
5 8
3 6
1 8
2 4
1 2
2 4
2 6
4 8
2 3
4 6
6 8
1 5
4 4
6 6
2 8
6 7
4 6
5 7
7 8
2 6
6 8
3 7
2 8
1 4
100 100
6 56
22 44
3 6
20 43
34 83
41 55
7 13
55 75
56 78
24 55
27 94
2 40
33 48
2 40
26 42
42 46
26 42
64 87
20 69
7 96
32 59
37 75
20 25
7 96
46 48
24 55
30 61
4 74
7 56
78 79
6 56
89 94
12 44
31 65
32 59
55 100
39 60
12 44
7 56
3 5
64 78
37 75
76 79
38 76
63 69
38 76
7 13
20 43
11 37
5 68
3 5
33 48
4 74
39 60
21 27
2 82
46 48
78 79
10 71
1 21
34 83
31 65
55 77
27 94
1 21
25 98
47 77
56 78
30 61
55 75
64 78
21 90
76 79
42 46
21 27
62 85
89 94
3 6
25 98
28 62
8 29
55 100
8 29
22 44
62 85
5 68
41 55
47 77
20 25
5 32
21 90
11 37
28 62
64 87
2 82
10 71
20 69
63 69
5 32
55 77
29 64
1 20
50 56
5 16
4 54
35 46
48 53
9 49
13 36
17 54
58 60
26 49
7 16
2 42
18 31
42 53
61 61
32 60
39 40
2 32
29 59
61 63
50 52
1 42
38 54
3 4
57 59
5 14
26 45
32 46
100 100
5 35
26 80
71 95
13 41
6 92
8 100
51 75
18 31
53 84
6 82
59 61
23 95
35 67
20 37
11 23
11 98
70 88
38 92
40 41
85 99
80 89
36 40
35 79
59 74
24 27
49 66
64 99
57 87
21 70
56 89
14 38
30 67
18 75
14 33
24 37
45 88
42 88
32 52
13 76
9 61
27 63
64 94
81 84
8 65
43 51
80 83
84 91
76 91
18 26
80 93
4 53
20 100
3 100
28 64
61 74
11 57
53 55
47 93
48 76
10 71
34 46
20 62
85 93
24 31
35 83
6 70
11 95
46 79
40 60
55 84
48 84
35 74
84 93
58 72
49 54
83 94
26 59
3 22
4 18
23 43
24 35
26 96
31 75
59 96
29 92
90 96
37 89
40 67
30 60
40 42
6 30
25 86
46 80
32 48
63 67
60 79
8 52
35 73
3 22
78 92
12 4
1 4
3 4
1 3
2 3
1 3
2 3
1 2
2 4
3 4
1 2
2 4
1 4
100 86
42 71
13 81
17 21
76 86
56 62
17 50
36 43
4 74
7 35
20 55
7 9
4 11
34 69
66 72
11 84
29 59
25 54
26 57
22 34
28 39
22 34
17 62
25 33
8 72
45 55
15 31
39 69
28 51
40 84
3 53
24 44
22 81
2 64
14 40
45 84
11 21
61 78
47 83
15 55
14 56
19 77
23 36
30 51
29 58
6 50
3 54
8 34
46 77
28 35
20 69
12 26
10 69
40 57
45 52
19 41
13 57
38 77
15 44
16 29
10 34
37 74
2 75
37 85
13 78
19 71
25 46
41 52
26 51
17 59
42 51
64 69
23 81
38 72
50 53
46 63
37 81
43 59
15 70
6 31
80 85
8 61
38 52
18 79
56 57
36 43
16 19
54 75
49 68
34 58
55 63
41 65
36 59
49 71
42 70
51 78
37 53
9 43
13 39
28 52
3 7
