100
2
0.2500 0.5000 0.5000 0.2500
3
0.0000 0.0000 0.0000 0.0009 0.0013 0.1776
1
1.0000 0.1234
2
0.5058 0.9812 0.7000 0.7874
4
0.4999 0.4997 0.4998 0.4997 0.4996 0.4999 0.4996 0.4998
4
0.4725 0.9816 0.3211 0.8931 0.8252 0.3137 0.2646 0.6446
4
0.7146 0.0333 0.1620 0.4106 0.0376 0.8885 0.0519 0.3717
3
0.3741 0.7100 0.7614 0.2739 0.0557 0.3840
2
0.5001 0.5002 0.5000 0.4999
2
0.6403 0.3410 0.1632 0.3910
4
0.3995 0.4512 0.9283 0.9144 0.0157 0.8264 0.9753 0.8650
4
0.0000 0.0000 1.0000 1.0000 1.0000 0.0000 1.0000 1.0000
3
0.6894 0.8619 0.2570 0.5507 0.2340 0.3236
4
0.5002 0.4998 0.4999 0.5000 0.4996 0.5001 0.5003 0.4997
4
0.7251 0.6103 0.8342 0.1089 0.6369 0.5220 0.1821 0.6455
4
0.3000 0.2000 0.4000 0.0000 0.1000 0.6000 0.5000 0.7000
2
0.9998 1.0000 0.9997 0.9999
3
0.2542 0.4712 0.2370 0.5014 0.5398 0.5682
3
0.3502 0.6407 0.8351 0.2633 0.8020 0.6859
3
0.6050 0.2675 0.4030 0.1178 0.4418 0.2527
2
0.9999 1.0000 1.0000 1.0000
4
0.5147 0.0002 0.5215 0.4333 0.7279 0.0690 0.2176 0.1569
4
0.8572 0.5674 0.0557 0.0208 0.2950 0.8012 0.0962 0.6437
4
0.3995 0.4001 0.3996 0.3999 0.3996 0.3999 0.3995 0.3997
3
0.4213 0.5465 0.2747 0.9482 0.5519 0.0716
1
0.1234 0.9876
4
0.2496 0.9074 0.9481 0.5823 0.2190 0.0518 0.8147 0.4339
4
0.4249 0.7105 0.6098 0.3179 0.0901 0.9174 0.2406 0.8740
2
0.9564 0.4617 0.8946 0.8960
4
0.9310 0.3381 0.4133 0.5565 0.1275 0.3630 0.4399 0.4071
4
0.9501 0.6360 0.8580 0.3893 0.8866 0.4648 0.6465 0.5070
4
0.3999 0.3997 0.3996 0.4005 0.3999 0.4001 0.4000 0.3998
1
0.0000 1.0000
4
0.5002 0.4998 0.5001 0.4999 1.0000 0.4996 0.5000 0.4997
3
0.2618 0.4871 0.7698 0.3213 0.5792 0.1754
4
0.5949 0.0011 0.2061 0.8652 0.6009 0.4474 0.7343 0.8508
3
0.0569 0.1704 0.3331 0.1494 0.5561 0.8138
4
0.9488 0.0398 0.4052 0.3431 0.6263 0.7570 0.6546 0.8217
4
0.3995 0.4005 0.3998 0.3998 0.3997 0.4005 0.3996 0.3998
3
0.0559 0.6290 0.4602 0.6508 0.7967 0.3064
4
0.4257 0.9371 0.7763 0.2745 0.6010 0.1385 0.3973 0.6292
4
1.0000 1.0000 1.0000 0.0000 1.0000 0.0000 0.0000 0.0000
4
0.9810 0.9810 0.9810 0.9810 0.9810 0.9810 0.9810 0.9810
4
0.1746 0.9981 0.1835 0.0436 0.0698 0.9409 0.9232 0.9012
4
0.0218 0.4995 0.7075 0.1643 0.3116 0.5428 0.2152 0.4366
3
0.5467 0.7431 0.5053 0.5801 0.3665 0.8915
4
0.3997 0.4002 0.3998 0.4003 0.4000 0.4004 0.3997 0.4000
3
0.0377 0.0606 0.8591 0.6184 0.8173 0.8604
3
0.4424 0.1319 0.3419 0.6999 0.3080 0.8372
2
0.3437 0.4260 0.2968 0.0542
4
0.4016 0.1480 0.1295 0.4277 0.0006 0.3559 0.2371 0.9880
3
0.4447 0.0731 0.3853 0.6984 0.3337 0.3465
2
0.5000 0.4999 0.5001 0.5000
2
0.0004 0.0001 0.0002 0.0003
3
0.8476 0.8109 0.3629 0.6400 0.5540 0.2679
4
0.0196 0.3705 0.7813 0.0333 0.2466 0.5159 0.6075 0.7313
4
0.6043 0.6091 0.3833 0.8386 0.5012 0.2970 0.3512 0.1965
3
0.2983 0.9658 0.6913 0.8078 0.9276 0.4483
3
0.1706 0.4217 0.3514 0.4800 0.1942 0.5481
4
0.5544 0.2900 0.1013 0.5190 0.7818 0.2839 0.3756 0.8803
3
0.2016 0.9131 0.7838 0.9755 0.1373 0.3501
4
0.1309 0.1734 0.0540 0.0789 0.2623 0.2718 0.5365 0.7387
2
0.6742 0.8379 0.8962 0.3529
3
0.4115 0.0771 0.0514 0.2756 0.0441 0.0519
4
0.0818 0.0512 0.7881 0.1905 0.4429 0.8253 0.6686 0.2479
4
0.3989 0.3989 0.3989 0.3989 0.3989 0.3989 0.3989 0.3989
4
0.0007 0.0007 0.0007 0.0007 0.0007 0.0007 0.0007 0.0007
4
0.7607 0.4369 0.2408 0.7012 0.3454 0.4180 0.0433 0.6161
4
0.6348 0.2025 0.9560 0.8883 0.6568 0.9303 0.5696 0.3491
4
0.4000 0.5000 0.5000 0.6000 0.6000 0.6000 0.4000 0.4000
4
0.9608 0.6643 0.5974 0.5763 0.5775 0.1696 0.1456 0.3104
2
0.2566 0.6847 0.0349 0.2957
4
0.2074 0.6283 0.6871 0.1385 0.2261 0.6224 0.6149 0.0757
2
0.5774 0.6319 0.9610 0.9656
4
0.3791 0.8277 0.4398 0.2488 0.7134 0.6616 0.1753 0.5479
3
0.3337 0.2146 0.7352 0.2552 0.6595 0.1904
3
0.0112 0.7338 0.5763 0.9917 0.9351 0.0617
4
0.5319 0.8839 0.7344 0.9660 0.7201 0.9955 0.4117 0.2493
4
0.1713 0.3752 0.6682 0.8743 0.3940 0.5159 0.0636 0.6223
2
0.9999 1.0000 0.9999 1.0000
1
1.0000 1.0000
3
0.2060 0.8283 0.2959 0.8616 0.3601 0.0824
4
0.0057 0.7881 0.5896 0.7808 0.6154 0.8615 0.1144 0.8422
2
0.5000 0.4999 0.5000 0.4999
4
0.5994 0.6945 0.4950 0.3732 0.2619 0.7805 0.5899 0.1478
4
0.7771 0.9798 0.4765 0.8612 0.3434 0.9093 0.5858 0.0077
4
0.5000 0.4997 0.0000 0.4996 0.4999 0.4998 0.5001 0.5002
3
0.0529 0.3276 0.4559 0.9283 0.5155 0.8313
3
0.9477 0.6435 0.5864 0.7033 0.7757 0.3718
4
0.4000 1.0000 0.7000 0.5000 0.6000 0.2000 0.3000 0.1000
2
0.5000 0.5000 0.0000 1.0000
4
0.0245 0.9276 0.9209 0.2415 0.1439 0.5777 0.9547 0.6846
4
0.8889 0.1111 0.5556 0.3333 0.4444 0.2222 0.7778 0.6667
2
0.9438 0.1589 0.4719 0.4900
4
0.0001 0.0001 0.0001 0.0001 0.0001 0.0001 0.0001 0.0001
2
0.4368 0.7375 0.5445 0.9734
1
0.0000 0.0000
4
0.4002 0.3997 0.4003 0.3996 0.4001 0.3998 0.4000 0.4002
3
0.8051 0.0648 0.9820 0.5671 0.6951 0.3112
4
0.1155 0.0384 0.1445 0.8965 0.7951 0.4522 0.5778 0.0561
