100
15 235
15 17
15 18
15 40
15 285
15 283
15 82
15 238
15 167
15 211
15 168
15 46
15 4
15 193
15 197
15 133
15 14
15 134
15 47
15 243
15 207
15 136
15 277
15 141
15 114
15 284
15 182
15 5
15 0
15 173
15 1
15 53
15 153
15 99
15 157
15 63
15 38
15 196
15 10
15 265
15 287
15 8
15 240
15 148
15 6
15 128
15 202
15 244
15 81
15 7
15 286
15 19
15 12
15 188
15 228
15 106
15 219
15 89
15 11
15 94
15 204
15 61
15 28
15 163
15 123
15 190
15 248
15 175
15 16
15 90
15 77
15 104
15 54
15 25
15 2
15 9
15 3
15 147
15 95
15 217
15 32
15 282
15 20
15 279
15 43
15 79
15 15
15 208
15 122
15 29
15 151
15 237
15 242
15 78
15 13
15 155
15 88
15 70
15 212
15 75
