100
15 1
15 235
15 18
15 117
15 2
15 194
15 163
15 137
15 11
15 6
15 239
15 110
15 15
15 132
15 269
15 283
15 4
15 154
15 26
15 271
15 160
15 249
15 284
15 71
15 138
15 206
15 94
15 74
15 139
15 57
15 125
15 105
15 106
15 241
15 16
15 203
15 221
15 59
15 287
15 259
15 47
15 164
15 286
15 3
15 10
15 9
15 277
15 78
15 33
15 270
15 31
15 170
15 276
15 13
15 171
15 93
15 116
15 69
15 43
15 247
15 159
15 120
15 5
15 12
15 267
15 14
15 91
15 149
15 268
15 127
15 60
15 176
15 7
15 175
15 266
15 242
15 0
15 261
15 17
15 150
15 122
15 21
15 282
15 128
15 188
15 199
15 100
15 73
15 197
15 126
15 285
15 179
15 40
15 228
15 20
15 19
15 141
15 227
15 8
15 204
