100
4 2
5 2
6 2
1000 1000
1000 1
1000000 127
1 1
999999 499999
4 1
500000 215663
808960 643549
999999 475711
999999 262144
859216 771423
498560 486472
516005 491922
999999 262143
1000000 262144
1000000 128
621193 528223
500000 262144
500000 131071
956892 733552
999999 127
500000 250000
759270 623568
500000 127
1000000 524287
999999 128
1000000 1
387423 331103
887034 697094
1000000 262143
500000 247929
1000000 524288
1000000 999999
1000000 500000
898064 833158
1000000 499999
1000000 499998
699812 682596
498384 452718
677633 667216
520960 487004
501036 458361
482817 451343
331916 261553
1000000 340367
999999 460289
529809 410759
500000 2
500000 131072
2 1
817546 816544
818080 728150
500000 262143
500000 249998
500000 1
933688 817738
425344 410211
492554 444200
1000000 475713
909637 841162
458685 414010
999999 499997
796841 724365
471340 405443
884676 849514
500000 237856
999999 480197
3 1
275309 252487
999999 999999
999999 499998
500000 499999
999999 524287
999999 475712
899936 694030
500000 500000
500000 128
2 2
764284 651745
999999 2
886417 831512
500000 249999
999999 999998
675337 615162
1000000 1000000
1000000 475712
387842 377665
999999 1
5 1
3 2
1000000 501755
650613 532354
1000000 2
999999 524288
925431 695520
500000 237857
849537 790383
