100
4 2
5 2
6 2
1000 1000
1000 1
331701 319596
1000000 388404
500000 127
1000000 128
999999 524288
999999 475711
500000 237857
445613 350226
805666 789583
1000000 524287
375882 285639
772389 624812
1000000 999999
500000 499999
1000000 524288
500000 1
325081 284084
982248 843154
928940 770555
712069 637917
1000000 1000000
1000000 522890
999999 419953
840623 719686
533177 457942
256796 212864
384776 309883
347634 270073
999999 999998
533259 492764
307508 299795
957637 936740
1000000 475713
941151 809860
500000 237856
500000 249998
999999 475712
887340 830232
1000000 1
792231 756760
1000000 127
999999 127
999999 128
999999 262144
1000000 499998
500000 131072
288916 260325
999999 2
356938 342093
390579 345730
500000 262144
999999 499997
999999 999999
458441 417021
983633 757215
500000 2
854187 755602
969620 831955
999999 262143
1000000 262144
3 1
417820 332859
5 1
677434 603806
1000000 475712
999999 499999
483796 414802
1000000 499999
999999 1
263301 227825
4 1
999999 516737
500000 250000
500000 262143
356405 297889
477641 449622
500000 236424
1000000 500000
500000 249999
779710 755021
999999 499998
839078 745090
500000 128
1000000 2
1 1
1000000 262143
378036 361106
500000 257385
2 1
2 2
700294 669524
3 2
500000 131071
500000 500000
999999 524287
