100
2 3 2
1 1 1
2 1 2
3 2 3
81 2 81
4 4 4
60 3 60
2 20 2
79 7 79
81 1 81
61 6 61
35 2 35
2 41 2
18 1 18
91 9 91
1 40 1
41 7 41
98 8 98
31 11 31
4 2 4
87 2 87
4 29 4
34 11 34
55 8 55
1 4 1
24 1 24
28 2 28
10 5 10
100 4 100
20 3 20
45 1 45
12 14 12
25 5 25
100 9 100
4 9 4
97 2 97
1 2 1
95 7 95
7 6 7
3 1 3
61 3 61
61 1 61
86 3 86
7 7 7
67 5 67
4 3 4
15 6 15
81 9 81
6 9 6
4 1 4
46 9 46
11 12 11
51 8 51
58 6 58
3 24 3
100 3 100
1 100 1
25 8 25
15 3 15
10 6 10
2 15 2
10 18 10
1 27 1
75 2 75
50 2 50
94 6 94
2 18 2
24 13 24
91 6 91
42 9 42
78 7 78
1 83 1
99 9 99
9 3 9
2 59 2
33 6 33
80 8 80
14 7 14
100 1 100
56 6 56
15 4 15
86 9 86
2 4 2
3 4 3
3 3 3
3 37 3
1 20 1
44 10 44
21 11 21
15 15 15
90 4 90
97 8 97
15 1 15
83 4 83
1 3 1
100 2 100
19 13 19
67 6 67
1 61 1
2 2 2
