100
2 3 2
1 1 1
2 1 2
3 2 3
17 6 17
40 3 40
74 2 74
2 37 2
2 4 2
17 12 17
1 72 1
13 16 13
100 4 100
14 13 14
4 29 4
2 59 2
4 8 4
2 5 2
4 1 4
1 46 1
55 1 55
3 37 3
14 7 14
79 3 79
1 3 1
46 7 46
95 9 95
1 100 1
95 1 95
1 94 1
2 38 2
82 8 82
13 1 13
3 1 3
8 2 8
93 3 93
96 3 96
8 19 8
58 8 58
1 17 1
58 2 58
100 9 100
6 6 6
57 6 57
12 13 12
18 14 18
10 18 10
99 7 99
1 48 1
65 1 65
45 2 45
1 39 1
52 9 52
76 5 76
100 1 100
10 5 10
33 4 33
19 5 19
49 1 49
36 11 36
100 2 100
4 2 4
58 6 58
39 2 39
1 2 1
15 8 15
7 5 7
79 8 79
87 8 87
4 18 4
1 75 1
80 8 80
3 4 3
1 16 1
24 9 24
30 1 30
39 9 39
36 1 36
3 3 3
4 3 4
2 49 2
79 4 79
1 69 1
66 9 66
11 8 11
52 6 52
1 4 1
16 9 16
2 2 2
1 7 1
88 4 88
47 6 47
4 4 4
2 15 2
88 9 88
79 7 79
11 14 11
15 9 15
8 9 8
100 3 100
