100
5
1 2
2 3
2 4
3 4
3 5
3
1 2
1 3
2 3
30
1 2
1 6
1 7
1 16
2 3
2 12
2 14
2 20
3 4
3 9
3 10
3 11
4 5
5 13
6 8
9 26
11 18
12 15
12 28
13 19
13 22
14 17
14 19
14 21
15 23
19 27
19 30
22 24
23 25
28 29
16
1 2
1 10
1 13
2 3
2 4
2 11
3 8
4 5
4 15
5 6
5 7
5 9
5 14
11 12
13 14
15 16
13
1 2
2 3
3 4
3 5
4 13
5 6
5 9
5 11
6 7
6 10
7 8
7 12
8 13
23
1 2
1 3
2 13
2 21
3 4
3 6
3 14
3 22
4 5
4 9
4 16
4 19
4 22
5 8
5 10
5 20
6 7
6 12
7 11
7 17
8 18
11 15
13 23
23
1 2
1 4
1 16
2 3
2 5
2 6
2 8
2 9
2 10
3 11
3 12
3 19
5 19
6 7
6 15
6 20
7 14
7 18
8 13
8 17
12 23
15 21
20 22
21
1 2
1 14
1 17
2 3
2 5
2 12
3 4
3 12
4 7
4 8
4 10
4 16
5 6
5 9
5 18
7 13
8 11
8 19
9 21
12 15
19 20
21
1 2
1 7
1 17
2 3
2 4
2 5
2 6
2 13
3 14
4 10
5 8
6 11
7 9
7 19
8 15
9 12
9 16
12 17
14 18
14 21
18 20
25
1 2
1 3
2 4
2 5
2 11
3 17
3 24
5 6
5 9
5 10
5 18
6 7
6 12
6 13
6 16
7 8
10 21
11 14
13 23
14 15
14 16
17 22
18 19
18 20
23 25
25
1 2
1 3
2 4
2 6
2 9
3 8
4 5
4 25
5 7
6 12
6 15
6 21
7 10
7 13
8 16
8 22
9 17
10 11
11 14
11 20
12 13
14 23
15 18
17 24
18 19
8
1 2
1 3
1 4
2 7
3 4
4 5
4 6
5 8
21
1 2
1 7
2 3
2 9
3 4
3 5
3 11
4 6
4 18
4 20
5 8
5 10
5 17
6 13
8 14
10 15
11 12
12 19
14 18
15 16
18 21
8
1 2
2 3
2 4
3 5
4 7
4 8
5 6
7 8
15
1 2
1 8
2 3
2 11
3 4
3 5
3 9
4 7
4 8
4 13
4 14
4 15
5 6
8 10
8 12
7
1 2
1 3
1 6
2 4
2 7
4 5
6 7
12
1 2
1 3
1 5
1 8
1 9
2 4
2 6
5 7
5 12
7 10
9 11
10 12
5
1 2
1 5
2 3
2 4
3 4
30
1 2
1 3
1 9
1 15
1 27
2 4
2 14
3 10
3 29
4 5
5 6
5 7
5 16
6 8
6 12
6 13
7 19
8 24
10 11
10 17
10 21
12 22
14 26
15 18
15 20
15 30
18 23
19 28
20 29
21 25
25
1 2
1 3
1 7
2 6
2 13
3 4
3 5
3 10
4 8
4 12
4 13
5 19
6 11
6 15
7 20
7 23
8 9
11 14
11 16
13 18
13 21
14 22
14 25
15 17
21 24
7
1 2
1 3
1 4
2 5
2 7
3 5
3 6
8
1 2
2 3
2 5
3 4
4 7
4 8
5 6
5 7
27
1 2
1 16
2 3
2 7
3 4
3 6
3 8
3 14
3 22
4 5
4 9
4 19
4 27
5 26
6 10
6 11
6 20
7 13
9 12
9 24
10 17
12 15
15 23
16 18
18 21
20 25
21 27
21
1 2
1 10
2 3
2 4
2 11
3 5
3 6
3 8
4 7
4 18
4 20
5 21
6 13
7 9
8 12
8 13
10 16
10 17
11 14
13 19
14 15
14
1 2
1 7
2 3
2 4
2 5
2 6
3 13
4 8
4 10
4 11
5 9
5 12
8 12
13 14
20
1 2
1 3
2 7
2 8
2 18
3 4
3 6
3 9
4 5
4 12
4 13
4 15
5 14
6 17
6 20
7 11
7 16
8 10
11 16
12 19
9
1 2
1 3
1 4
3 5
3 6
3 7
4 5
6 8
6 9
15
1 2
1 5
1 7
1 11
2 3
2 4
3 6
6 8
6 9
7 8
9 10
10 15
11 12
11 13
12 14
6
1 2
1 3
1 6
2 5
2 6
3 4
11
1 2
1 3
1 10
2 7
3 4
4 5
4 8
5 6
6 8
6 9
6 11
13
1 2
1 6
2 3
2 5
2 10
3 4
3 8
5 7
5 12
7 9
8 13
9 11
12 13
15
1 2
1 3
1 5
1 7
3 4
3 6
3 11
4 8
4 9
4 14
4 15
5 8
7 10
10 13
11 12
30
1 2
1 5
1 7
1 8
1 10
1 11
1 19
2 3
2 4
2 27
3 13
3 22
3 26
4 6
4 9
4 14
5 28
6 12
6 17
7 21
8 25
9 15
9 23
11 16
12 19
12 24
13 30
15 18
15 20
22 29
19
1 2
1 5
2 3
2 4
2 6
2 12
2 13
2 15
3 17
3 18
4 11
4 19
5 7
5 8
5 14
6 16
8 9
9 10
10 15
18
1 2
1 3
1 4
1 5
1 7
2 8
4 6
4 11
5 10
6 12
8 9
8 16
10 13
10 15
11 14
12 16
14 18
16 17
25
1 2
1 5
1 8
1 12
1 13
2 3
2 11
3 4
4 6
4 18
6 7
6 9
6 10
8 15
8 19
9 20
10 14
11 16
13 22
14 21
15 17
16 23
17 23
18 25
22 24
12
1 2
1 5
1 6
2 3
2 7
3 4
3 8
6 9
8 10
9 11
10 12
11 12
6
1 2
1 3
2 3
3 4
3 6
4 5
25
1 2
1 3
1 5
1 6
1 14
2 4
2 11
2 20
2 25
3 12
3 17
4 7
4 15
6 8
6 10
6 16
6 22
7 9
7 21
7 23
8 13
8 21
9 18
14 19
15 24
4
1 2
1 3
1 4
2 3
17
1 2
1 4
2 3
2 5
3 6
3 8
3 16
4 17
5 11
6 7
6 10
7 14
8 9
8 12
12 13
14 15
15 17
25
1 2
1 7
1 9
1 14
1 17
2 3
2 4
2 5
2 8
2 12
2 20
2 23
3 21
4 6
4 11
5 10
7 25
9 13
12 15
12 18
13 19
14 16
14 22
16 22
21 24
30
1 2
1 5
1 8
2 3
2 9
2 12
3 4
3 10
3 13
4 28
5 6
5 7
5 20
6 10
6 11
6 14
7 17
8 18
8 29
10 16
11 25
11 27
12 24
12 26
14 15
15 21
16 22
17 23
18 19
29 30
28
1 2
1 8
1 10
1 14
1 21
1 22
2 3
2 7
2 12
2 13
2 26
3 4
4 5
4 6
4 9
4 24
5 15
5 17
5 27
6 20
7 11
9 16
10 18
17 19
18 25
19 23
23 24
27 28
5
1 2
1 3
2 3
3 4
4 5
15
1 2
1 5
1 8
2 3
2 4
2 7
2 10
2 12
3 8
5 6
6 9
8 15
9 14
10 11
11 13
5
1 2
1 3
2 3
2 4
2 5
23
1 2
1 8
2 3
2 4
2 5
2 9
4 6
5 11
6 7
6 14
8 10
8 12
8 15
10 13
11 18
12 21
14 16
14 17
14 22
14 23
18 19
18 20
19 22
7
1 2
1 3
2 3
2 5
3 4
5 6
5 7
27
1 2
1 3
1 4
1 10
1 15
1 24
1 26
2 26
3 6
3 7
4 5
5 8
5 21
6 16
7 11
7 23
8 9
8 12
8 13
9 20
10 25
12 18
13 14
14 17
16 19
19 22
24 27
5
1 2
1 3
1 4
2 3
4 5
30
1 2
1 3
2 3
3 4
4 5
5 6
6 7
7 8
8 9
9 10
10 11
11 12
12 13
13 14
14 15
15 16
16 17
17 18
18 19
19 20
20 21
21 22
22 23
23 24
24 25
25 26
26 27
27 28
28 29
29 30
24
1 2
1 3
1 12
2 4
2 5
2 6
2 14
2 21
3 8
4 7
5 9
5 18
5 24
6 10
6 11
7 15
9 13
10 12
10 20
11 23
12 17
15 16
15 19
16 22
8
1 2
1 3
1 5
2 4
2 7
3 4
4 6
6 8
22
1 2
1 9
1 11
2 3
2 5
2 10
3 4
3 6
3 8
6 7
6 14
7 13
7 16
7 20
7 22
8 12
9 13
9 17
10 15
12 18
15 21
17 19
30
1 2
1 30
2 3
3 4
4 5
5 6
6 7
7 8
8 9
9 10
10 11
11 12
12 13
13 14
14 15
15 16
16 17
17 18
18 19
19 20
20 21
21 22
22 23
23 24
24 25
25 26
26 27
27 28
28 29
29 30
27
1 2
1 4
1 5
1 7
2 3
2 6
2 9
2 13
2 22
4 23
5 10
5 17
7 8
7 12
8 11
8 16
8 20
8 24
9 19
10 15
11 18
11 27
12 14
12 21
15 26
19 22
22 25
16
1 2
1 7
1 8
2 3
2 4
2 6
2 16
4 5
5 12
6 7
7 9
7 10
7 11
8 13
10 14
10 15
10
1 2
1 3
2 4
2 7
4 5
5 6
5 8
7 9
7 10
8 10
21
1 2
1 12
2 3
2 4
2 6
2 8
2 9
2 14
2 18
2 19
3 5
4 7
4 11
4 13
4 21
6 17
9 10
10 16
11 20
12 15
12 20
7
1 2
1 3
1 4
1 7
3 5
4 6
4 7
17
1 2
1 5
1 14
2 3
2 4
2 8
2 9
2 12
3 7
4 16
5 6
5 11
7 13
8 10
11 15
12 17
13 15
17
1 2
1 3
1 5
1 11
2 4
2 8
3 9
3 10
3 13
3 14
4 6
5 7
5 10
5 16
8 12
9 15
14 17
8
1 2
1 3
1 4
1 8
2 8
4 5
4 6
4 7
24
1 2
1 3
1 5
1 18
2 19
3 4
3 9
3 17
4 6
4 11
5 20
5 24
6 7
7 8
7 13
9 10
9 12
10 22
11 14
11 21
12 15
15 16
15 19
20 23
15
1 2
1 3
1 14
2 9
2 10
3 4
3 5
3 6
3 8
5 7
8 12
8 15
9 12
10 11
10 13
23
1 2
1 3
1 5
1 6
1 11
1 15
2 4
2 22
3 10
3 19
4 14
5 7
5 8
5 14
5 18
6 20
7 9
8 12
8 21
10 13
10 16
16 17
22 23
12
1 2
1 12
2 3
3 4
4 5
4 6
6 7
6 8
8 9
8 10
8 11
8 12
16
1 2
1 3
1 4
1 5
1 6
1 11
1 12
3 7
5 8
5 11
6 9
6 13
6 15
9 10
12 14
14 16
9
1 2
1 5
1 6
2 3
3 4
3 5
3 9
4 8
5 7
30
1 2
2 3
3 4
4 5
5 6
6 7
7 8
8 9
9 10
10 11
11 12
12 13
13 14
14 15
15 16
16 17
17 18
18 19
19 20
20 21
21 22
22 23
23 24
24 25
25 26
26 27
27 28
28 29
28 30
29 30
23
1 2
1 5
1 8
2 3
2 4
2 6
4 11
4 15
4 21
5 10
6 7
7 9
8 12
8 16
8 22
9 13
11 13
13 14
13 20
14 18
15 17
15 23
17 19
7
1 2
1 3
1 4
1 6
3 4
4 5
4 7
8
1 2
1 8
2 3
2 4
2 5
2 7
3 6
4 6
24
1 2
1 5
1 11
1 20
2 3
2 7
2 12
2 16
3 4
4 8
4 9
4 19
4 22
5 6
5 13
6 10
7 13
10 15
11 14
12 23
13 17
13 21
15 18
18 24
8
1 2
1 3
1 5
1 6
3 4
3 6
6 7
6 8
7
1 2
1 5
1 6
2 3
2 4
4 6
6 7
13
1 2
1 3
1 5
2 4
2 9
2 12
3 6
5 7
5 8
6 10
6 13
7 12
9 11
12
1 2
1 5
2 3
2 4
2 6
2 11
3 8
3 10
4 5
4 9
5 7
8 12
5
1 2
1 3
1 5
2 5
3 4
7
1 2
1 4
2 3
2 6
3 7
4 5
4 6
17
1 2
1 3
1 4
2 5
2 15
3 6
3 8
3 13
3 14
4 10
5 7
5 9
6 12
6 16
7 11
9 17
10 12
9
1 2
1 4
1 6
1 8
2 3
2 5
4 7
5 9
7 8
27
1 2
1 3
1 6
1 13
2 4
2 9
3 5
3 11
3 13
3 14
4 10
4 27
5 17
6 7
6 8
8 12
8 20
9 19
12 15
15 16
15 25
17 18
18 21
18 26
19 22
20 23
22 24
7
1 2
1 3
3 4
3 5
3 6
4 5
4 7
9
1 2
1 3
1 4
1 9
2 5
3 6
4 5
4 8
6 7
19
1 2
2 3
2 8
2 17
3 4
3 5
4 6
4 13
4 16
4 18
5 7
5 15
6 9
6 12
7 10
7 11
8 10
8 14
18 19
9
1 2
1 6
1 9
2 3
2 5
3 4
3 8
5 7
7 8
20
1 2
1 7
1 11
1 12
1 13
2 3
2 18
3 4
3 6
3 18
4 5
4 9
4 15
6 10
6 17
6 19
7 8
11 16
11 20
13 14
10
1 2
2 3
2 4
2 5
2 6
2 8
3 7
5 6
7 10
8 9
7
1 2
1 4
2 3
2 6
3 5
4 6
5 7
22
1 2
1 4
1 6
2 3
2 11
2 17
3 5
3 14
3 21
4 8
4 11
5 10
5 13
6 7
6 9
6 20
8 15
10 18
11 12
14 16
15 19
18 22
21
1 2
1 4
1 5
1 9
1 17
2 3
3 6
3 7
4 8
4 10
4 11
4 12
5 15
5 18
6 12
6 14
7 13
8 16
10 21
12 19
13 20
14
1 2
1 5
1 9
1 13
1 14
2 3
2 11
3 4
3 6
3 8
5 7
7 10
8 12
9 12
16
1 2
1 4
1 5
1 15
2 3
2 6
2 7
2 13
3 8
5 11
5 14
6 9
7 10
7 12
7 13
9 16
20
1 2
1 6
1 8
1 9
2 3
2 4
3 7
3 15
4 5
4 12
5 10
7 14
8 13
8 19
9 16
10 11
14 17
14 18
18 19
18 20
17
1 2
1 3
1 5
1 9
2 10
3 4
4 7
4 12
5 6
6 12
6 15
7 8
9 11
9 13
9 17
10 14
14 16
30
1 2
1 6
2 3
2 23
3 4
3 7
3 8
3 27
4 5
4 9
5 11
6 15
6 24
7 12
7 13
7 22
8 10
8 14
9 18
10 16
10 19
11 24
12 20
12 21
13 25
13 29
14 17
16 30
18 26
27 28
16
1 2
1 3
2 5
2 7
2 14
3 4
4 6
4 12
5 8
5 9
5 10
5 12
7 11
8 13
12 16
14 15
7
1 2
1 4
1 6
2 3
2 6
3 7
4 5
