100
210000 1893 5277 22294 442 23352 61187 51805 34354
270000 4208 24142 18726 56372 25810 22377 98641 72463
1000000 10000 83163 42597 88175 15487 38432 78987 77960
230000 9754 92832 73816 54394 46458 85610 16195 39356
440000 2314 33741 83151 73626 32025 74829 4975 66878
900000 10000 40862 65270 46205 6756 31141 9876 60344
470000 4951 58083 63195 47067 36556 98333 79998 57732
900000 10000 5688 75540 58492 4153 61736 975 68054
770000 4473 28998 93424 60664 40461 49151 6102 20670
280000 7409 86982 24113 90319 92113 28022 83976 11660
340000 6757 6678 99048 38872 98857 8880 15183 19062
800000 10000 72423 86044 62261 45783 76087 18240 42760
140000 1178 33160 60449 72920 42135 92551 20734 41335
600000 10000 52376 45795 73646 43878 57018 64896 57802
100000 10000 91553 43131 91443 85896 64651 7917 64379
810000 1763 50090 37948 8429 55640 61294 49062 51517
300000 10000 54414 21620 37659 2127 50875 93672 22423
100000 10000 83836 10582 83550 39312 36733 52856 23617
800000 10000 19537 35108 4512 55412 72265 38374 65438
950000 9344 30446 49781 223 63570 49814 44525 57498
520000 2921 80848 94166 41408 62242 83879 1940 52321
690000 7128 30531 22627 91901 19397 2255 10288 23116
300000 10000 95235 81797 19276 66089 96811 12394 75821
300000 226 12002 2688 37695 79022 75920 41077 67935
200000 10000 61299 40693 31988 61556 29060 4610 13798
500000 10000 84987 6883 90269 62136 29232 33225 13797
290000 2335 12444 37990 34746 51411 94783 4021 65262
600000 10000 18554 31321 29147 26136 78946 83353 52490
600000 10000 52752 16916 95749 14722 11228 20210 56231
140000 3070 28358 74557 84105 19479 43023 65044 48293
500000 1854 46291 73033 50034 12614 10697 13800 14431
880000 3975 62668 20650 18642 53766 83565 77308 8853
480000 5322 5047 63298 87562 26573 12746 57965 41859
740000 8339 43710 9162 16566 88477 66565 78535 21359
600000 10000 96154 73998 84280 76152 22680 13285 34316
710000 1515 32075 80736 95917 54260 12457 57141 31002
400000 10000 79031 79100 57533 35185 45448 21422 19945
300000 10000 74163 50665 69208 19532 98701 26750 99247
500000 10000 10576 11782 66482 76695 32752 87383 19163
610000 4885 80216 3438 10282 31066 80985 73261 13137
390000 8746 96108 7304 22766 36734 42260 74473 60469
30000 6536 45181 48314 40527 44951 46375 88207 38200
100000 10000 97008 69699 77 52227 96384 70936 67789
300000 10000 62129 83527 21518 44648 56599 93385 61815
190000 6991 1409 4295 77762 23763 38882 26246 38031
270000 7828 50852 64026 24599 27427 60722 53935 19668
800000 10000 9984 71243 44563 54539 57884 74864 54462
120000 3777 21975 42566 12498 93166 85426 81497 82544
900000 10000 13805 41166 19747 38317 68744 17352 59705
500000 10000 42306 69069 75100 4596 99496 410 74151
240000 328 79040 69223 81092 93431 53029 41736 64356
500000 10000 33652 19760 15241 43593 67009 81974 47845
700000 10000 25583 81390 61271 40080 10625 39651 2422
500000 10000 48070 26879 90844 61147 70200 47135 51985
490000 7638 95335 32103 19481 19416 91026 51547 52187
800000 10000 51965 42458 20286 89709 34554 60804 81914
600000 10000 95282 27379 47759 41648 68721 62339 66549
2 3 1 2 1 2 1 1 9
1000000 10000 46492 66139 73623 96777 65952 63042 96876
340000 1983 68389 82070 81863 40368 81742 70204 63089
500000 10000 70746 27636 79705 63671 52810 40802 24649
240000 3311 77299 5910 35195 79206 35706 72106 68521
200000 10000 2924 66912 40593 71981 32007 9273 26482
140000 1099 3526 45671 15527 57425 78475 34201 29598
500000 10000 75845 22091 10728 27188 25938 36731 42909
1000000 10000 100000 100000 100000 100000 100000 100000 100000
600000 10000 32232 34351 47363 9272 76734 89546 45422
250000 4986 81369 24461 4365 36711 21528 48511 50718
400000 1222 96013 63010 4742 53753 88537 44274 54563
210000 9120 3845 74562 3442 41765 66876 99968 39347
600000 10000 68782 12080 44256 26480 60626 39197 43646
900000 10000 97700 29624 99120 30083 10349 32208 89490
300000 10000 34130 36329 30061 53081 24743 48265 17453
470000 615 96701 32935 64795 14429 81926 61108 48638
360000 8691 98377 1136 61122 20839 32980 26769 96619
920000 2927 89376 47417 49905 3951 65920 51010 3688
1000000 10000 56964 29142 68087 78904 44009 56008 34648
200000 10000 88777 92399 69725 1573 51537 88104 39017
970000 8503 8222 34294 56344 10886 61034 26856 14374
20000 743 9556 38002 4450 20860 94870 96092 89991
1000000 10000 41266 41466 63850 47589 88207 38540 38878
200000 10000 83850 63866 11888 61627 49891 68759 8246
1000000 10000 1 1 1 1 1 1 997
240000 5562 31672 71758 69155 31755 94451 60303 59368
280000 9314 13560 16276 94806 91184 17635 5991 27406
180000 769 3910 26279 46448 26837 72345 26781 8359
200000 10000 9958 44021 86672 66058 64982 17450 68615
400000 10000 34967 54643 41837 55063 94010 51052 10673
600000 8596 1727 29416 30710 84092 7073 86953 70665
400000 10000 36907 25311 8712 65356 60890 81833 74513
500000 10000 13976 43130 53382 78908 16795 65788 34346
800000 10000 35103 88708 66483 16780 5546 7535 12254
1000000 10000 58475 38904 22671 35056 90321 88320 71342
700000 10000 60634 74433 44390 63067 32499 63001 85445
10 10 10001 10002 10003 10004 10005 10006 89273
590000 8187 52475 75263 82709 25426 61464 51927 38777
670000 804 29256 17835 76206 77198 45729 7686 3475
600000 10000 87814 92836 37528 402 73300 86069 79539
420000 2704 55627 33281 69811 80798 28307 2934 39503
960000 7695 78082 49434 32027 65337 91470 90169 7337
