100
72 5 46004 54684 55661 4762 70072 79350 90723
23 6 52418 38673 39763 72334 41711 2966 31774
36 19 16429 37171 28605 70610 50198 40109 68647
43 12 78080 28519 44689 28796 42600 7275 12958
34 19 79022 8901 72216 85521 64049 72947 4886
41 1 27957 84112 64607 69895 81147 32834 10821
92 18 96885 20482 80005 68042 34876 54773 48526
33 17 70007 93437 39560 79499 68505 43621 27587
65 5 80945 30703 36700 82673 28844 85607 8881
11 19 36246 95126 58320 95060 74803 71750 87842
25 7 97833 64403 89454 60071 6864 17558 54364
42 20 9288 98009 51062 62475 27853 20951 44591
74 19 25495 77592 10214 987 80310 51498 36813
27 13 92303 30416 73426 66812 14464 60953 6331
8 12 48535 49702 57854 48771 40863 14298 86272
97 16 75071 39766 29261 52986 89533 66262 76831
55 15 43498 58852 71331 69624 64267 54342 97758
33 15 23948 98955 81430 27 94218 82819 62805
64 1 78196 31864 90388 10522 10072 69913 79658
31 17 33262 3111 17508 39486 15071 10565 27257
3 6 81623 73139 10429 4732 95160 54967 37978
61 9 46089 22458 74270 66074 63733 96963 36798
89 5 99584 47331 75579 32174 61962 83657 99275
65 16 96923 7238 5231 15777 74405 94411 73936
66 8 9796 17154 94284 29178 46460 96527 68524
39 2 12726 77387 74074 48677 88089 52837 81092
83 1 91323 4327 13457 28547 20086 19842 68371
87 9 42394 58336 49248 8005 38035 79562 16748
51 13 4130 31299 51976 35626 87679 24390 45742
44 12 99685 79491 77248 76128 44952 86525 92976
97 8 1754 7213 94404 94188 20056 22965 87686
54 6 19202 79334 39787 96393 76892 77979 55462
40 19 697 92980 40223 57123 78423 6605 77533
40 1 1642 64818 70806 42828 24890 68260 59960
100 20 100000 100000 100000 100000 100000 100000 100000
61 18 6598 66090 96896 53230 16072 27619 8708
29 6 45341 36356 72584 111 75832 43130 46357
18 7 87149 36426 26356 6840 84928 89544 95666
69 11 63660 13781 77906 52149 58814 23576 2547
1 17 30978 76770 70091 43211 23558 34540 90724
86 3 95182 10695 92108 8820 38226 43280 86637
65 14 52764 57553 41199 63231 91292 48017 26783
7 13 17496 49440 3930 82371 53795 64612 3940
56 17 76181 76024 1324 80068 5733 33881 46648
4 20 91637 14449 31363 97420 31631 68559 3436
6 17 24633 20913 29629 79682 34389 20302 69686
94 9 38858 4591 274 68076 56291 68277 74875
22 17 31497 79392 57291 98533 24509 97282 58717
13 16 25312 51814 14599 70056 67675 21793 20476
2 3 1 2 1 2 1 1 9
84 9 11799 87843 70036 19686 70010 72470 32476
19 16 79155 40343 18233 55940 22785 47518 3715
41 8 29962 98644 4859 25569 81921 85508 51094
100 2 96457 19617 88805 64827 51059 69018 75571
17 16 32037 51422 1244 39174 32964 54883 60009
66 1 8908 28647 43112 57681 73875 78234 16989
10 10 10001 10002 10003 10004 10005 10006 89273
77 12 51687 69157 99419 1119 46425 84242 93616
30 18 67992 62062 5458 76141 25491 15953 96122
39 19 29578 27975 62853 6793 64106 42786 33575
67 5 24092 12406 58541 62451 72463 59166 65369
33 20 28146 33078 49814 1723 46813 53805 13760
68 10 2901 87553 27294 16478 91852 20220 89506
83 5 88153 58168 24818 25341 61642 39943 99376
38 12 34048 2740 79925 61585 27223 98205 17267
1 6 51166 35514 6030 11559 54431 48301 15646
80 9 74622 99494 22427 83331 35126 79293 22967
26 18 38322 35860 38814 97 92581 52178 13860
63 3 84826 53857 16363 97147 29468 70622 88497
23 14 32828 87711 10043 67415 7570 88386 98612
61 20 76060 33933 70818 48994 90509 24933 79588
81 11 41700 46179 97097 82749 38904 67788 92807
10 15 31967 56725 21772 78173 75762 1481 97567
48 4 47968 42894 38845 72137 83413 92488 43557
31 6 38805 60113 63385 94601 22810 2443 61808
50 8 27042 91223 86432 48728 7567 87158 55088
19 13 62474 80503 8010 42418 41186 20324 86570
55 11 59137 64663 57910 17650 45231 60525 29455
44 17 32729 47195 2413 53963 41487 19433 97386
14 16 70074 64613 6300 95272 92864 18459 30010
56 7 5865 32173 31475 31461 37763 57540 71896
55 17 6105 46908 11796 86020 27067 43425 45886
88 6 45830 63543 7859 3250 54739 11532 54041
35 4 32422 60089 41502 56991 77150 44853 99270
98 2 78023 77204 78633 39609 60205 94310 91428
84 19 39072 35934 87055 1038 56373 53956 81551
14 11 25160 92443 62175 20720 39607 64731 57729
87 18 88998 93255 10979 72927 49285 85919 37415
88 5 17952 81980 96821 2882 71416 53213 19200
25 13 21304 53206 54392 36377 63663 58726 77308
99 15 81407 24425 43435 72475 72248 13224 38350
4 15 76690 89170 48789 10141 49062 63790 5306
30 1 77821 75447 16051 15939 77425 71689 6943
30 7 33782 4136 59706 94941 38415 17000 84324
21 15 92305 29387 64491 35933 59080 82940 96650
66 6 56948 99794 88404 26133 22490 65722 26355
71 19 82592 76325 11200 87818 53369 33667 52926
26 12 68564 63394 96935 12274 78766 5709 82981
24 1 4829 15925 54412 33739 88041 372 3000
97 16 36757 75106 36372 64509 45531 98023 28011
