100
50 20 99497 35300 76500 39815 89809 26291 97261
59 6 15145 12952 25640 27152 45374 23354 35241
10 6 83690 47959 94609 56283 14732 23323 22083
53 16 80375 70071 65780 98643 65303 7763 78558
34 6 98025 18338 47329 67841 51211 58449 21905
51 11 70156 90082 12773 43669 72462 29902 81774
86 12 44415 11308 78849 50847 12776 25896 37050
67 2 31981 63806 75519 90838 18710 91669 57977
53 2 12196 64676 37311 99097 6281 71490 3551
89 20 44277 315 3449 84472 38421 50795 24038
84 17 3202 62073 49639 78025 59820 4304 71774
72 1 20280 70947 23257 9416 56220 76177 49631
36 5 23383 33797 27951 9224 84882 64750 37584
15 18 63666 92473 62720 12710 3301 22572 96393
20 3 7808 41269 84573 38429 3638 10261 77914
88 14 82809 2754 22665 97927 21653 68730 47140
89 7 63764 51996 39317 20211 15145 14622 29429
26 18 33741 22240 6833 77803 27762 77794 69594
49 4 51300 56730 14919 85069 83536 3718 51727
56 20 34099 42723 52287 69724 30813 80444 59126
18 14 77168 96330 5367 46085 56656 66933 78876
56 3 83666 33688 78894 55961 81488 17439 47745
41 4 10703 74006 71019 22363 37661 63227 51372
2 3 1 2 1 2 1 1 9
38 8 1667 14422 42605 29206 84521 60831 75204
86 8 15941 61660 38765 61169 10865 98376 47080
49 10 14821 91265 95552 75248 96618 6517 31225
17 11 80119 39231 4182 42115 54150 40690 29628
9 4 83230 34481 33467 86123 24792 28745 67499
68 1 57215 18902 66021 66474 8565 48955 11585
100 20 100000 100000 100000 100000 100000 100000 100000
83 10 55326 54657 22088 36282 82601 53144 77164
70 5 85054 14018 25570 69910 99396 96142 75770
46 11 95296 11007 29925 13809 93569 82180 36602
96 18 35914 29322 36246 46195 34076 29715 75452
10 5 20795 3208 12229 12668 39587 78126 12688
64 13 4429 35224 22072 23681 27706 35848 61455
18 10 62912 2947 83093 6693 26770 17111 49169
97 12 56004 70039 32598 20943 78370 74622 56624
67 19 14941 93844 93961 63731 19044 55705 68945
72 10 37924 27954 51491 30617 39574 78296 72684
95 9 92627 44137 46645 32008 13100 42043 49470
27 10 77963 97858 56688 34841 64396 91167 86224
89 9 69354 51497 88273 48301 89510 44567 95844
8 17 24574 27353 40720 62895 53710 83865 16256
43 9 85377 62499 86995 66429 73368 78895 6531
11 4 89396 14284 64838 83236 71642 51226 2286
17 7 75758 11787 48024 74886 34605 72821 23797
88 3 46987 44372 15415 51648 45328 57292 40503
46 5 80192 88888 41043 48757 18949 72780 91748
55 8 92867 76399 43782 43568 43331 29139 33858
24 13 59184 65609 51103 64031 37849 61223 66461
66 3 58002 76704 22022 58606 80563 29901 68085
58 12 61688 98367 48814 88681 15083 69939 68264
11 9 98672 20835 30578 64597 74768 55126 7750
16 7 63528 49526 19768 9616 53028 37632 57961
71 14 15278 58092 62400 95626 19168 49656 7060
90 5 97133 31036 47286 35182 74390 93986 714
45 1 98524 58566 34063 44512 78988 82692 41771
5 2 60886 17788 82803 35578 94869 87247 50057
99 10 55585 59737 58848 42616 53220 11271 15315
67 1 77709 6553 70199 86590 51427 62450 49427
16 6 16977 33416 78666 34657 84771 4402 98412
52 17 62819 48531 37494 1093 25178 85902 45335
10 10 10001 10002 10003 10004 10005 10006 89273
83 1 68690 79875 13621 68803 59806 61895 36302
22 4 81014 97076 42729 41113 25309 6568 79204
97 16 61496 75589 66550 8277 64318 34884 49379
96 20 10888 98109 50577 29927 10135 17620 82872
3 13 78475 31706 66091 50714 53913 96498 82137
1 3 55200 45939 82606 90883 11056 16876 54934
75 9 91336 97567 35196 72169 31560 11785 95198
57 15 87634 84772 38228 49785 23550 55416 19810
82 3 23853 17568 66294 20216 90956 88381 56844
94 3 9971 90083 27204 28317 65969 48646 74264
40 9 99716 24359 81386 25985 15609 2520 41617
99 6 3015 93256 93384 73984 48024 11911 55492
1 9 90796 94488 95786 10234 48235 27702 10668
75 11 15216 23787 83209 16264 70644 89694 42382
30 15 64430 91993 77811 71974 46605 49818 98543
81 19 21317 8656 88018 50673 18963 29285 92247
90 7 3438 29576 82870 97577 68658 87027 34337
51 5 32244 15163 30124 72425 94507 41999 14842
40 15 36769 94603 24393 5957 14160 48916 46850
73 4 87183 6651 46738 74408 80756 93337 88371
25 4 66550 57287 78874 43918 69446 58972 22465
83 4 22738 72838 29099 3775 27202 36852 24695
68 20 9166 36573 13270 30797 45600 40295 36949
32 4 45431 96858 43800 60661 92457 29037 27993
38 1 42544 33470 91317 72042 76428 61690 25126
36 20 30569 13175 2003 5653 47868 74067 73685
58 10 58029 80025 68101 72231 4702 45636 43707
4 8 92507 67988 22310 7498 80962 71622 32957
87 14 60127 47866 97446 48907 60620 31038 88250
11 17 49811 33164 49324 79750 32947 16717 98291
41 14 90377 3099 18918 42509 29032 45233 81474
33 10 25383 43422 29895 48955 81733 88417 58018
85 6 83328 32704 25096 67720 30185 67128 72529
18 14 2590 53505 42602 91731 95154 11408 89881
28 6 47138 35830 74289 98904 8128 63622 17752
