100
136461338703784000 136461338703784004
237 610534354275505884
533 253357478008246866
702174285666681260 702174285666681262
467148150052356207 467148150052356217
827 715771752331414548
228568203071473177 310643152251861686
775146800085087331 775146800085087341
12034067714437480 233884867385315658
77776 77777
181 445241428013702476
1 1000000000000000000
26 323763743330238471
88 102
482 700813046010601457
536882211268801556 536882211268801562
3734787223246643 3734787223246648
347 508826732122552452
220 550643157051521331
468120123382444315 468120123382444322
314234421382701707 314234421382701712
775 411576771128878234
35 532157124122320252
13 182588458436751740
671 703436830834074302
871024154446022664 871024154446022672
530582622110347115 660202548560376118
274 631151462755337307
317 487411728342874202
403 643106836276323251
574 150878756541235704
103572587778630317 103572587778630325
170650554034102348 170650554034102357
824 252183550507843010
767 786272635558057354
1213775737551428 483480076268226461
337578041328031122 443527466464045164
351565441222612184 410512178135663350
253 415360008832636137
320 147457811052015770
162827786126034704 162827786126034708
677 828052634255730204
1 2
312 612826217543840426
102036663834211267 527065861733565415
283 631884747733514485
863 271520654084760840
42 554702426504624627
240 445468171728328734
786138600686718568 887163322026018080
2 3
883 136711068345717211
445 104535300613315231
615 107584015463735237
1000 177326705582122272
16 26
660455313570252481 846567574312156618
167782060847722820 167782060847722828
70 554035317502530714
248 522274648280142602
748857040315506825 815670218780131565
721504246381708862 786615518282131765
566 203420583685337465
514 535136068846645768
336 131821525172307827
717 553251245617210237
181688475842427365 181688475842427373
823 167408352562308621
611 637473012175052826
736 243037821305685173
272 367045517853220420
374188462350337225 484717526437575881
280 537653668711656608
754 582271837720255414
76 837581234626048803
337 610734447352052027
484311804056530831 750568244846258623
658710013033714103 658710013033714112
608 811555248024464802
641417833245072374 778877613883265410
70 302114131644346611
557173012425123427 557173012425123430
321 437238807167283452
463782835233083015 734184878338802805
302 568816531835011346
274 277155166478332843
258110574261668354 326130481568033237
518236078382214465 518236078382214475
170 788048240520388285
204241622035008846 887755750020036375
6353765567540548 574784418803250743
416 278253635827338327
654 111240388753741311
72254522825718151 72254522825718161
876512204382880540 876512204382880542
475501140754865480 607878635740121838
73447715076378172 73447715076378177
818 648785470785525208
347 335320422344341457
226681200033812470 275465730180276686
