100
42 314547
613 134368
418714 418724
550618 550627
150015 504737
651 431651
737 834653
857 402528
766 145873
12 751188
236 574510
431 618762
147552 147558
71503 605344
16 26
1 2
77776 77777
323035 506703
881558 881564
686 747187
875 313552
588 833222
123356 144133
285 801226
54337 580421
88 102
182200 646468
417 816617
112 301756
431 884558
30 274845
746 153833
444338 444341
187817 477544
744482 744488
707 514220
242 631785
25 252143
212068 212078
878341 878351
645 847571
708 121804
120367 571848
712 764311
240810 240815
816 576165
71257 452150
50210 72012
40 743707
2 3
37 661850
465620 465623
28804 61265
168 821273
453 167743
284344 284350
341 340006
608 852514
501842 501846
173 434872
71582 453533
336637 336638
822031 822032
760625 760632
252323 252330
82 126382
37 623602
78870 871615
401235 401243
402 243420
120 616440
705 333044
204810 204815
281 530612
363822 363831
123 666521
508 476751
224 217127
633 243470
566 807470
186731 522343
656 254330
272 461248
31 602601
613 117381
722100 722110
514081 567365
728 844726
808 144880
866 308625
642234 830182
317874 567580
206212 331025
162104 545144
1 1000000
24 260484
173 811562
574 487105
886 653014
400217 606121
